# La primera línea indica la cantidad de minutos a considerar (n). Luego vienen n líneas que corresponden a los x_i, y luego los n valores que corresponden a la función f(.):
1000
2964
1039
1967
2296
2734
2447
3195
3332
3111
4602
3879
3807
2560
1944
1411
2965
2273
2048
3882
2640
1091
1161
1295
1220
1949
2047
996
265
2533
707
3812
204
2898
2202
2682
837
751
4143
530
3585
4510
4411
2427
3100
801
2245
1751
51
2943
3727
3130
2927
1890
770
3683
2840
3850
1450
4832
381
2481
3922
1310
3246
4457
674
299
4785
61
1901
4632
4593
1055
1181
2282
2659
3329
1659
3673
3485
1821
2248
970
3696
1304
2663
3555
2298
3824
1548
2544
3109
433
3171
4706
3593
4668
3607
1420
3011
418
170
1154
2121
2117
3962
4537
3103
1222
648
910
4566
1845
517
1733
1552
2632
2443
3301
1582
3552
3438
1010
685
70
2902
44
1286
1498
2226
1980
2244
4984
3528
2313
2189
1088
1808
2247
1708
3324
606
3426
3343
198
2518
4776
286
187
3041
4382
3065
475
2348
1806
718
3511
4308
2263
4550
3680
1978
3572
3735
3462
4939
2459
574
3899
1814
541
2353
48
1965
4732
1634
1548
3658
1094
3793
2982
239
1132
247
3064
4999
4979
465
2509
4015
2171
1928
1249
2716
4240
4350
3887
4819
4945
1055
4691
2081
2742
1390
3812
4887
3239
386
2891
4381
1549
2091
4493
3158
888
553
2832
1341
1293
0
3618
4159
364
92
3212
4323
3043
162
3767
2281
1409
2585
2484
4564
3404
3273
3730
2134
4468
1693
4159
2478
3427
4196
577
4262
3938
4362
3051
135
495
1971
2029
1878
3528
487
253
1647
2832
4117
3771
3941
783
787
3459
1381
4443
2165
2062
3757
2370
205
1087
4013
776
4538
4449
4232
1473
2559
3144
1861
1460
526
2698
51
1196
3664
2790
2679
1428
1263
2086
4305
194
3779
1370
847
60
4130
2207
3165
4629
2964
4248
1703
3180
4335
3739
4453
846
1039
3280
2932
1564
3634
1403
1986
3147
1567
1351
4116
4672
2963
1144
3877
4987
4954
3061
156
4796
1199
1232
3046
1084
4953
619
3462
1219
3460
4139
3144
375
3682
4266
1594
1082
2740
89
206
3757
4119
4730
2747
4549
4298
2348
1649
301
3804
1257
3137
125
1033
960
918
1742
465
4574
1701
3654
4672
2548
493
4106
4223
3560
2532
706
463
2535
4864
1670
488
2951
3124
3884
2350
1776
68
2510
16
4494
108
3882
3974
2774
1545
3845
1861
4682
1688
1917
1427
1991
2718
2644
4031
1309
2020
1507
3357
3810
1329
4283
529
667
1042
2238
945
1049
4752
479
1675
1773
772
1159
4090
1854
4687
513
1911
4707
181
577
4463
4271
345
2760
280
3208
1568
3096
1878
4078
1799
3990
4957
2197
4636
1151
4742
1762
3241
3760
3877
530
1280
2755
3623
4529
2122
2743
4566
2803
3962
774
3303
1077
2878
3059
868
3067
4715
4762
4508
1983
1665
4269
2086
1175
3650
1978
974
1728
3987
2482
1141
3841
1684
814
4341
3267
4793
2120
1486
3384
3047
323
3029
574
573
3892
1701
3684
4814
2975
316
3211
4947
3939
3302
4710
3677
163
1904
3128
2236
4003
3918
4154
2417
2813
3070
2231
1602
3729
582
4123
4496
393
1393
2122
1453
3116
1796
143
2439
4903
1828
3585
4471
4884
130
939
3152
586
4361
4256
4086
3290
858
4431
245
1952
646
1712
1614
2562
2123
4286
4245
1584
4403
4728
154
31
781
4005
3203
2382
137
1768
3052
2257
4530
4840
4077
4104
4671
3661
1873
4196
2023
2617
4161
3694
3317
617
2101
2664
508
612
3882
3139
3173
1567
4894
2184
4121
1297
829
347
332
309
4583
747
4636
3196
1310
3488
4199
2870
2743
3365
161
2233
1162
4075
411
2682
1713
190
93
1571
1582
4077
4160
1643
745
2945
3466
4837
48
3092
1828
4750
1659
563
4063
177
1232
3203
1201
3276
2385
2729
2350
1005
4983
4678
2813
1530
408
69
3839
3064
1176
2665
4653
513
955
2135
3770
2612
1503
3330
2875
3078
3996
4245
4576
289
3735
1774
846
2130
3624
1499
1116
3652
4985
2149
2075
3832
170
3999
2690
4246
3888
4725
3781
2554
4784
2611
558
1496
4366
1467
2165
1816
1702
2336
4541
1540
2779
4685
2041
2914
3549
2168
1050
1533
1752
4772
4308
4648
1997
4349
4308
1248
1161
110
3001
2334
3666
3966
3632
2739
2300
3127
3538
1340
2990
499
3312
2557
374
763
4619
4056
820
4127
3622
400
4800
1336
3407
1118
3270
4287
2233
2310
4965
3165
4354
4978
3948
189
4103
1934
809
3929
4735
2525
4043
2113
684
3666
787
176
4491
501
123
2095
3559
1611
3325
3510
1196
1640
588
3416
1196
4185
2817
4597
3388
2861
2892
1672
2472
3176
1792
1467
2510
1777
587
2007
4600
833
893
4170
2996
973
4093
1191
952
821
4380
2919
3594
302
4623
4003
167
1424
4016
1135
1101
1669
4027
1329
2451
2326
2693
3472
383
4292
973
2083
308
2590
1959
97
3
3412
406
913
4187
158
3881
1451
1286
1449
3102
1387
1723
4567
2110
2665
4251
3032
4149
753
2234
2095
1727
404
4809
722
1003
3679
1532
556
3574
2315
4510
183
4239
4269
4848
2792
4904
4897
4207
3595
1507
2936
14
3267
2424
1926
1964
3743
2349
2535
3697
1431
1935
1797
1840
2633
1755
2384
3953
4635
3609
1252
4305
1199
4957
3565
253
3804
1861
3242
379
4768
886
2737
1681
3623
2615
3667
3801
535
4955
4856
4272
1026
4038
15
4240
1013
1877
3094
1768
3995
1428
1462
900
1281
1012
1305
2934
3669
2016
1321
851
4182
3820
4924
2943
1730
2931
1178
4271
1437
4171
4430
3267
2948
3888
4685
1887
1066
3843
4284
3714
3268
2924
3641
69
2939
4670
517
1515
2648
3820
3946
422
818
4406
3296
1655
3775
666
1458
1062
4798
147
3434
3164
3090
983
512
3386
3661
4846
4720
366
4789
2538
4206
1068
3486
4736
2453
1442
2
5
9
17
17
17
26
35
45
47
57
62
67
71
76
76
83
86
96
97
107
110
120
128
130
134
136
138
146
153
157
158
168
171
179
184
187
197
200
210
218
224
225
226
232
234
242
248
251
254
258
262
268
272
273
274
278
279
287
294
301
305
310
313
316
322
331
341
344
348
355
357
357
363
371
376
381
388
396
405
415
416
419
425
431
434
441
444
454
454
463
469
471
472
478
479
484
490
499
501
507
507
507
513
515
524
524
525
531
531
537
541
548
548
557
563
572
582
591
597
607
609
614
622
624
631
638
647
651
656
659
662
662
665
668
674
678
678
684
689
692
694
702
708
718
725
735
739
745
753
761
764
767
771
771
780
787
793
793
800
804
814
821
824
833
833
835
845
845
849
856
866
869
871
878
882
889
889
889
897
899
901
910
917
926
936
937
944
952
959
967
976
984
994
997
1000
1009
1015
1020
1028
1032
1041
1051
1051
1051
1058
1067
1074
1082
1090
1100
1106
1108
1108
1118
1120
1126
1135
1135
1137
1143
1151
1158
1160
1168
1171
1171
1174
1181
1190
1195
1200
1207
1215
1220
1222
1223
1232
1234
1236
1244
1254
1261
1266
1274
1284
1294
1303
1306
1312
1322
1327
1335
1340
1345
1345
1354
1356
1366
1375
1379
1386
1396
1406
1407
1407
1410
1410
1416
1426
1429
1432
1438
1439
1439
1442
1451
1461
1462
1470
1475
1484
1487
1490
1494
1498
1499
1508
1513
1516
1526
1529
1536
1545
1554
1559
1567
1572
1582
1585
1587
1596
1596
1604
1606
1614
1620
1625
1630
1634
1644
1646
1649
1656
1658
1661
1663
1671
1674
1684
1688
1692
1692
1701
1709
1709
1715
1725
1733
1740
1744
1744
1748
1748
1750
1760
1768
1770
1780
1788
1792
1802
1807
1807
1807
1807
1816
1816
1819
1821
1821
1831
1840
1840
1847
1855
1864
1868
1874
1881
1884
1884
1884
1893
1893
1902
1904
1910
1919
1927
1927
1934
1935
1939
1940
1947
1953
1960
1968
1978
1980
1983
1987
1997
2003
2004
2007
2017
2023
2027
2033
2037
2040
2044
2045
2052
2058
2061
2070
2074
2082
2086
2088
2094
2100
2102
2103
2108
2116
2125
2125
2132
2133
2142
2143
2153
2157
2160
2170
2172
2177
2181
2184
2188
2191
2200
2209
2215
2217
2223
2229
2234
2238
2240
2249
2259
2260
2267
2277
2285
2285
2292
2292
2296
2297
2302
2308
2317
2325
2332
2340
2348
2348
2350
2355
2357
2367
2370
2372
2380
2388
2397
2400
2403
2410
2414
2424
2432
2432
2438
2447
2456
2457
2460
2466
2472
2477
2480
2485
2490
2495
2497
2506
2511
2519
2526
2533
2534
2541
2550
2557
2567
2576
2584
2592
2592
2593
2596
2596
2604
2606
2607
2614
2614
2624
2631
2639
2646
2655
2656
2661
2670
2672
2682
2682
2683
2685
2689
2698
2705
2712
2718
2724
2732
2738
2748
2748
2756
2756
2762
2766
2767
2767
2773
2777
2777
2779
2787
2790
2795
2799
2805
2815
2822
2828
2831
2841
2843
2847
2850
2855
2861
2865
2868
2870
2875
2880
2890
2891
2892
2899
2903
2904
2909
2918
2918
2927
2927
2934
2943
2946
2951
2959
2963
2965
2974
2979
2986
2992
2994
3003
3008
3008
3015
3025
3026
3033
3035
3036
3046
3056
3066
3076
3085
3091
3091
3093
3101
3102
3103
3111
3118
3121
3126
3126
3129
3130
3136
3139
3147
3148
3149
3151
3152
3159
3163
3172
3175
3178
3178
3181
3188
3195
3200
3204
3213
3219
3223
3226
3236
3240
3245
3247
3250
3256
3260
3263
3267
3274
3275
3280
3282
3292
3296
3305
3311
3320
3326
3333
3334
3334
3336
3338
3339
3339
3341
3349
3350
3359
3361
3364
3364
3366
3370
3371
3381
3381
3388
3394
3403
3412
3419
3425
3427
3437
3439
3443
3448
3450
3459
3465
3473
3482
3490
3494
3504
3504
3514
3515
3517
3524
3527
3534
3538
3542
3545
3548
3552
3560
3570
3571
3579
3580
3586
3593
3603
3607
3615
3621
3630
3638
3641
3646
3655
3655
3665
3671
3676
3679
3688
3689
3697
3704
3704
3705
3707
3714
3722
3729
3735
3740
3743
3745
3753
3762
3765
3769
3776
3786
3795
3803
3813
3816
3826
3829
3836
3844
3845
3846
3854
3859
3863
3868
3871
3871
3881
3891
3900
3908
3908
3908
3917
3927
3937
3939
3944
3951
3951
3961
3965
3974
3983
3989
3989
3998
3998
4004
4007
4010
4016
4022
4027
4028
4029
4037
4040
4042
4051
4055
4063
4068
4077
4077
4086
4092
4096
4099
4099
4101
4105
4108
4114
4116
4119
4123
4126
4127
4131
4136
4146
4153
4163
4173
4177
4180
4188
4188
4190
4193
4196
4199
4208
4209
4217
4222
4230
4231
4240
4244
4250
4260
4263
4263
4269
4272
4275
4284
4287
4293
4300
4309
4315
4324
4328
4335
4343
4352
4352
4355
4358
4364
4369
4379
4382
4385
4389
4389
4396
4401
4408
4417
4427
4427
4434
4441
4451
4455
4464
4473
4474
4478
4483
4484
4492
4501
4510
4512
4512
4515
4525
4532
4541
4547
4551
4559
4569
4576
4577
4582
4584
4594
4598
4604
4608
4608
4613
4618
4622
4631
4638
4640
4640
4640
4645
4653
4655
4662
4669
4674
4684
4693
4694
4701
4710
4719
4726
4728
4728
4737
4743
4748
4753
4753
4753
4758
4768
4776
4781
4782
4792
4792
4792
4798
4805
4815
4819
4825
4828
4834
4839
4848
4855
4860
4861
4865
4871
4871
4878
4882
4888
4894
4898
4907
4916
4919
4925
4927
4936
4937
4937
4941
4941
4946
4946
4947
4952
4956
4960
4964
4969
4977
4977
4977
4978
4986
4990
4999
5001
5008
5013
5019
5019
5019
5020
5021
5025
5034
5035
5036
5046
5050
5057
5065
5075
5075
5083
5091
5093
5103
5108
