# La primera línea indica la cantidad de minutos a considerar (n). Luego vienen n líneas que corresponden a los x_i, y luego los n valores que corresponden a la función f(.):
10002227
916
7985
6557
2520
6016
7043
4179
7018
4192
2269
8440
2880
7836
8852
4048
6399
1106
362
7183
934
9874
6008
2696
916
9063
6773
7250
1798
1086
5023
6768
2511
35
7913
9017
2672
26
4487
9
183
1968
591
569
8876
5061
94
2036
6529
221
2017
7981
5052
8771
8239
8619
1681
2298
9331
6475
790
7108
7
5666
7493
3572
7280
7361
1419
5990
1317
5732
4700
5990
6245
1722
6172
1049
2110
4794
5369
8274
9919
8146
1566
9339
6546
3841
6240
8084
4644
8862
8837
6921
8122
6051
2094
2035
9348
8468
9108
5864
4764
1640
1404
662
530
4443
6635
4541
3696
1471
3185
800
2919
899
5912
7208
6692
7930
3391
9325
3947
1868
8405
1296
1144
8763
5041
9193
2197
6084
4382
4758
6524
1040
3519
8131
9104
9911
4625
935
3822
3953
7401
2445
7657
9362
5279
9385
2465
4026
9011
1631
9554
4970
3498
1139
6745
9148
1882
8926
9999
8607
3050
9253
3310
4902
2246
5353
5551
5899
1081
3912
2313
9364
7997
5711
7280
8227
6049
9486
410
8644
5845
728
9672
9447
1219
5
1679
2977
9613
8209
5142
7294
4435
3755
2412
7906
7471
4407
7049
8373
8066
2399
7385
3809
3095
3494
7417
68
4620
151
4149
3393
6189
2365
8761
2240
9583
2987
8209
6129
1131
2557
1977
2930
4042
1
5462
5274
8821
1452
6252
7200
7471
2725
3244
965
2132
2883
9764
2695
5866
4822
9920
9057
2995
779
6180
2515
4385
1074
3106
4648
9113
8144
56
2438
4603
3200
5887
3911
5636
8486
8736
9763
1880
9008
623
4655
9768
2190
4634
3803
8708
7237
7003
8852
7594
6201
4270
3837
1003
756
3083
4046
6334
2782
8208
282
9168
6319
2731
8992
491
6745
2818
5926
1331
5192
4922
4778
1268
5903
5782
1896
7163
5682
7081
1507
2042
2787
7240
537
1030
7223
5298
523
4594
34
7595
2827
5577
4432
7181
3652
5951
3477
8895
7891
5277
4623
3745
3605
7467
9204
5940
9949
7134
10000
1375
874
7146
5382
2639
5205
7656
9084
1016
2779
2054
4498
2805
1664
2570
6216
5002
5204
2966
6105
1831
1546
7420
8064
4312
8639
6992
5696
6893
8529
2658
8917
4004
3410
5040
8946
490
9785
2732
1298
3563
7761
7380
5032
4206
524
3998
6115
1798
5158
4055
7487
5470
5782
7060
4399
4408
9569
89
2032
3178
713
8804
5312
2962
5969
712
4152
1117
6430
1046
2229
3837
9381
4721
4017
6006
8449
2424
4628
1872
5619
5374
8413
2393
8703
5522
498
6708
9803
733
7860
6996
1579
4436
8748
9424
6498
4395
2994
6406
2314
512
2736
5562
6976
481
5595
4327
6732
8984
7241
6091
3732
5636
224
9198
1014
3456
6984
5542
9063
767
2671
6965
7869
5303
4990
2790
6727
7700
2619
2676
6095
5630
1633
2823
8565
4179
6536
5389
7799
2397
480
3621
7264
5183
3697
4242
6311
9437
4065
1553
2888
2686
9588
2592
5109
83
4680
7421
9500
6707
7243
6445
8960
8235
6686
9117
2349
5898
8189
6059
7531
8113
3649
3110
2686
9214
1644
3624
996
782
7067
6669
1526
1921
340
995
935
649
6241
1241
9423
1428
4803
9990
8585
5444
6784
2438
8949
6664
8203
4030
971
1144
488
9559
3167
4692
4761
1255
83
6938
2108
7426
1530
7353
6536
4427
3535
5180
4820
9889
1980
7930
8369
7670
7895
7105
4151
5194
9506
7254
561
201
1053
7586
3213
6374
7439
4279
264
4437
6106
1692
1866
9919
8194
7830
2376
1273
2536
4067
5324
2399
4408
7954
2676
3792
2698
2505
149
9081
2861
2294
9161
3663
6441
1738
69
1165
9947
1079
2493
8790
68
6010
5755
1493
4805
6707
6139
84
6731
2965
5579
1617
4142
7886
541
745
8748
1909
4292
3893
3611
4738
3538
3901
8652
7938
9528
1837
1151
8795
4750
4415
8929
2822
9534
6750
7314
7220
8078
5149
4325
2346
571
505
8016
7658
9674
7285
6798
6346
9531
5124
6621
4649
8731
3390
3023
4154
9663
6661
1308
2913
3489
4048
3118
5258
1923
3088
7437
6644
7917
940
2711
6391
9732
9929
2328
5212
3002
6262
1886
9636
6492
1538
2554
9167
8850
9280
9632
1654
3518
7894
4653
3996
4760
3235
1572
6366
3762
7963
6559
9372
3326
4506
7175
7084
6655
8109
4729
7876
814
6650
2544
9297
9118
1511
4049
7555
9672
288
4202
9335
1335
41
8263
2511
4487
8157
3806
5601
9025
8982
8848
9593
4196
6100
9234
5322
8199
9436
98
3930
3203
5469
1521
912
9737
5262
4216
1255
6524
6037
7922
6225
3221
384
6013
2222
8375
8513
6313
5782
64
6560
3376
4037
9409
7888
992
6348
8544
9104
5866
6471
787
140
2463
2770
766
60
4051
4245
6836
4909
2908
7414
3361
6998
3472
8267
4297
2423
6885
9333
1655
3773
5018
1001
1833
9164
7586
3623
3395
5229
5671
5016
3912
3136
7850
4711
1662
8167
1469
7650
7873
8148
245
1763
3630
899
5679
3254
7007
8949
6293
8803
6290
2269
1250
697
4622
4467
2949
7796
481
5859
1568
9378
2150
8533
2766
4090
389
6231
8963
3318
5552
8535
8152
852
9372
4497
2682
4960
8201
2564
6845
9820
5400
6035
4763
595
968
5584
6327
660
672
1518
9673
9697
3352
2654
3531
4733
7808
7948
1020
3830
1318
742
2351
4644
3554
3581
7102
4469
1705
9094
122
7870
9162
3709
7025
7120
4996
2036
8928
2481
4905
1292
9481
4390
2666
2496
1548
5418
3098
3857
5658
2008
5194
7323
5029
1647
8437
519
352
3082
2412
9954
7045
5313
9928
7482
5387
7156
8585
470
1494
8500
4368
9582
8376
5190
5883
1822
7650
5084
635
2228
2274
3343
2980
9422
3634
4005
8508
9120
1896
3305
3393
8190
5645
1808
6302
8391
7157
5698
1884
382
4166
9256
4386
8153
4876
2657
3944
9649
4978
3838
304
5544
262
2584
8441
5503
1148
8075
4494
6775
3066
56
124
164
253
340
362
578
741
860
1012
1040
1219
1329
1506
1601
1741
1845
1981
2142
2272
2404
2511
2604
2790
2853
2987
3090
3205
3406
3546
3641
3700
3796
3855
3886
4096
4190
4231
4408
4495
4601
4632
4689
4717
4763
4985
4991
5046
5086
5200
5345
5539
5693
5704
5802
5831
6028
6193
6207
6250
6357
6558
6672
6795
6840
6930
7015
7084
7308
7426
7566
7643
7681
7842
7978
8059
8195
8288
8375
8419
8549
8740
8799
8882
8955
9085
9105
9245
9301
9519
9674
9878
9951
10082
10217
10270
10349
10557
10672
10779
10878
10974
11090
11100
11156
11159
11341
11436
11647
11699
11915
11926
11949
12143
12294
12385
12520
12535
12753
12919
13050
13276
13432
13610
13680
13729
13866
13875
13971
14053
14185
14358
14362
14484
14615
14751
14946
15075
15255
15398
15453
15472
15654
15843
15989
16076
16241
16437
16564
16571
16630
16833
16955
17077
17299
17343
17495
17506
17700
17923
17962
17989
18134
18279
18451
18620
18816
19001
19223
19305
19319
19403
19581
19788
19794
19945
20123
20158
20356
20388
20507
20688
20747
20785
21013
21014
21065
21205
21258
21403
21443
21534
21668
21762
21767
21919
22045
22233
22332
22511
22732
22926
22961
22982
23203
23403
23608
23744
23786
23945
24036
24071
24251
24454
24462
24523
24594
24628
24795
24976
25075
25263
25330
25342
25493
25574
25791
25888
26004
26233
26339
26392
26535
26564
26665
26794
26816
26872
26928
26947
27069
27194
27337
27550
27571
27731
27808
27882
27992
28087
28301
28480
28671
28813
28947
29162
29247
29409
29599
29736
29815
29981
30142
30367
30437
30460
30635
30796
30909
30938
30974
30983
31115
31191
31230
31275
31371
31519
31688
31771
31936
32101
32276
32286
32359
32564
32718
32934
33098
33207
33345
33524
33684
33870
33900
34097
34263
34339
34367
34469
34484
34607
34636
34670
34867
35056
35100
35209
35438
35465
35543
35734
35842
35857
35951
36056
36108
36146
36322
36449
36648
36802
36928
37143
37334
37420
37553
37692
37862
38037
38164
38213
38304
38342
38435
38540
38562
38651
38739
38937
38982
39031
39036
39264
39337
39488
39502
39533
39713
39776
39827
39920
40073
40302
40338
40479
40574
40720
40848
40958
40972
41018
41022
41141
41288
41422
41651
41760
41848
41889
42043
42263
42356
42483
42599
42819
42831
42962
43088
43198
43341
43476
43698
43808
43958
43979
44199
44364
44554
44637
44641
44744
44956
44971
44989
45120
45322
45438
45637
45771
45991
46147
46239
46379
46443
46519
46554
46670
46702
46781
46837
46991
47029
47245
47408
47505
47686
47803
47960
48009
48230
48266
48379
48449
48476
48597
48689
48708
48862
48989
49043
49265
49328
49445
49464
49520
49704
49737
49826
49946
50053
50059
50275
50368
50598
50663
50894
50984
51103
51108
51238
51345
51509
51515
51672
51800
51940
52042
52186
52363
52401
52481
52510
52604
52682
52829
53020
53156
53291
53502
53537
53541
53736
53844
53957
54032
54154
54209
54388
54479
54544
54621
54631
54671
54809
54815
54909
55053
55126
55247
55333
55554
55713
55903
55922
56022
56044
56148
56330
56547
56692
56721
56754
56915
57085
57275
57450
57660
57665
57763
57863
57932
57998
58161
58178
58407
58477
58510
58544
58687
58734
58803
59028
59206
59267
59277
59370
59500
59669
59754
59962
60004
60121
60241
60386
60530
60610
60712
60922
61124
61265
61496
61672
61689
61892
61974
62170
62268
62325
62509
62676
62706
62747
62812
62918
63019
63191
63315
63409
63469
63645
63849
63934
64157
64224
64406
64634
64722
64733
64953
64970
65122
65248
65333
65560
65649
65861
65900
65949
65993
66197
66239
66303
66403
66609
66781
66963
67142
67159
67200
67217
67343
67500
67541
67696
67699
67710
67829
67919
67944
68155
68310
68409
68588
68613
68786
68906
68942
69028
69251
69344
69494
69707
69856
69903
70068
70148
70272
70311
70386
70401
70422
70570
70743
70768
70770
70853
71084
71291
71306
71407
71409
71531
71712
71755
71977
72047
72092
72093
72241
72268
72491
72565
72770
72860
72872
73098
73176
73349
73523
73671
73869
74021
74083
74123
74159
74329
74346
74387
74522
74739
74946
75111
75219
75404
75595
75798
75885
76036
76073
76109
76261
76359
76498
76663
76889
77051
77074
77104
77158
77371
77541
77608
77824
77993
78168
78239
78386
78417
78558
78626
78772
78832
78845
78938
78981
79034
79142
79240
79398
79588
79659
79692
79724
79949
80100
80321
80357
80386
80573
80674
80686
80903
81126
81174
81328
81545
81739
81767
81841
81962
82081
82307
82518
82628
82763
82835
83018
83221
83337
83546
83723
83858
84072
84193
84318
84516
84566
84611
84792
84816
85043
85227
85458
85515
85573
85730
85756
85807
86016
86182
86196
86297
86397
86421
86562
86641
86797
86948
86988
87043
87213
87254
87446
87640
87746
87875
87987
88000
88207
88432
88494
88503
88522
88671
88849
88853
89007
89077
89078
89178
89282
89404
89440
89609
89755
89862
90035
90259
90313
90502
90563
90694
90898
90991
91157
91275
91367
91450
91582
91805
92003
92173
92294
92324
92505
92723
92860
93064
93259
93409
93562
93745
93767
93959
94074
94217
94388
94602
94609
94735
94833
94975
95142
95189
95396
95612
95837
96060
96180
96181
96394
96603
96712
96796
96838
96878
97078
97275
97466
97524
97672
97700
97799
97945
97993
98018
98085
98087
98198
98285
98422
98635
98700
98830
98903
99090
99314
99403
99562
99731
99936
100105
100283
100413
100582
100622
100774
100968
101025
101070
101184
101319
101394
101433
101627
101646
101777
101791
101913
101922
102007
102039
102193
102251
102455
102672
102875
102958
103105
103162
103219
103401
103470
103482
103619
103849
103931
104126
104259
104274
104296
104315
104396
104515
104610
104758
104932
105070
105279
105386
105561
105573
105770
105802
105842
105955
106017
106195
106276
106331
106461
106651
106866
107090
107185
107333
107563
107714
107863
107864
107984
108167
108200
108263
108273
108367
108592
108699
108816
108880
108910
109012
109117
109259
109393
109424
109427
109651
109656
109728
109891
109956
109983
110195
110382
110439
110567
110609
110738
110930
111017
111145
111234
111262
111331
111336
111543
111726
111840
111870
111942
111952
112118
112235
112411
112626
112747
112969
113066
113099
113204
113252
113261
113386
113590
113792
113901
114129
114227
114253
114414
114609
114627
114825
114885
114949
115051
115162
115388
