# La primera línea indica la cantidad de minutos a considerar (n). Luego vienen n líneas que corresponden a los x_i, y luego los n valores que corresponden a la función f(.):
1000
1188
412
1498
2740
4908
1197
134
2315
640
673
3604
681
768
1715
4187
4279
4758
3607
2555
1780
2611
871
2955
3772
3249
4059
3368
1452
3797
2485
4975
2646
1242
4102
4899
3371
2662
4374
293
4417
1677
3977
4804
3734
4368
817
2871
2036
719
357
375
3480
499
4602
1783
1031
673
3031
4448
4241
2014
1031
2603
3228
2133
2727
824
138
3020
2161
1194
2777
3483
4629
2264
4117
2150
3449
4033
2540
2910
1282
2763
4595
1574
4328
625
1052
3636
3709
1486
529
2425
1906
2016
3919
1121
2818
639
3314
3283
1593
4229
2946
1952
519
1496
4901
3911
4449
861
4817
2120
44
3861
998
1344
2305
4798
2005
2619
4654
4932
1995
4939
4299
2336
606
281
3957
201
1509
1977
4484
1237
1492
2690
1041
317
2776
3987
2132
323
915
2305
700
3781
451
4008
262
1613
2973
3666
744
1318
3691
450
1879
2277
38
2727
1109
4740
2813
2833
132
3152
3518
1675
1164
416
2898
1686
2919
4732
4404
2548
4058
65
3672
3623
1015
76
610
1563
2678
4355
1875
791
1759
2447
2492
3271
4030
2855
4485
2607
4417
1530
884
4267
1573
2041
3913
1831
2565
289
507
1435
3437
3792
1922
1038
1777
1222
96
111
2156
3957
1411
4357
3288
4760
3916
1033
3750
1891
3607
4535
2297
2694
461
1310
203
1525
4728
650
1384
440
3877
3738
3763
4889
802
4573
1606
4202
3648
3052
2058
720
4998
4898
687
2045
3433
4997
3028
4095
1857
2560
2106
3113
4982
1497
2390
531
2937
1253
1983
4628
2578
1244
873
3623
4701
3855
3194
1804
1346
126
1312
2993
3391
2012
2403
3528
1815
4621
1026
1849
3506
2006
790
3630
1402
4758
4130
465
3180
611
1580
1046
1880
4222
4818
3555
3328
979
4997
1242
869
297
1605
2695
726
4564
1663
4195
789
1455
2933
3980
632
3929
1135
197
819
1186
3977
3734
2606
4850
3539
1787
3002
2166
1356
4261
1260
553
1475
3388
4713
1918
4939
2110
442
4627
2516
4722
2037
1335
3025
1560
3984
4699
4748
2674
4460
384
2035
3233
883
690
302
180
1221
2328
168
2412
3145
423
4738
3306
3677
4172
1033
2179
1141
3326
3418
4218
1569
3346
2207
4099
1993
2000
4907
488
4526
4977
2806
3605
3372
3640
1923
1609
2414
4140
728
1045
196
4716
3156
4388
900
1094
372
595
4129
509
4451
3408
890
4311
1989
1502
2114
1145
3209
229
3431
241
2849
767
841
3589
1502
4248
3782
4096
2836
4442
2526
3058
3346
1042
3677
1594
2823
2122
1846
2001
274
4012
525
280
4910
820
2405
2160
4574
4703
4001
893
4128
4433
3920
3545
4445
170
3781
2346
3506
554
3104
1311
2312
2018
2030
3345
1106
1475
55
2456
2752
384
2591
1795
4032
3619
3163
41
2653
1206
924
2894
496
2019
2885
1333
594
427
1502
4630
2989
4646
369
4992
4188
3370
1498
3493
2581
1780
3662
1564
784
121
2007
2924
1352
2416
1391
1059
2620
1674
910
2664
2589
1860
959
228
998
1648
2155
827
2094
693
2048
81
2257
3886
1270
4071
4999
3764
10
1071
394
3235
2294
3849
3461
3008
3679
1210
2802
4345
857
3510
2800
2479
1381
1041
4038
2726
2759
1150
3272
2270
3628
3138
4103
4360
532
377
4841
669
1665
713
3238
486
1865
4167
16
4703
4689
3845
3894
3466
148
4787
3097
451
1704
1986
3720
2591
2703
366
978
3158
1770
1823
1927
1016
1125
207
2788
2139
3919
3982
27
4790
955
1559
1298
868
3191
4863
3033
4800
2879
4548
4975
4853
4388
3323
2464
4619
1174
3245
585
82
3710
3329
4194
2614
4995
1757
4062
138
2377
316
1955
4638
2601
603
2932
4579
3681
4468
1836
1110
440
1977
348
2844
3518
4244
2259
4825
526
1436
1798
4342
1050
2913
4274
2738
3287
4388
4994
159
3450
1943
241
4940
2875
3563
4926
4073
676
558
2679
4963
538
3707
3553
1153
1977
1488
241
2941
894
532
2217
4345
3055
4323
1028
1684
3137
208
4660
2316
2653
2243
1029
3187
3553
3635
2507
4368
2929
1002
450
4751
2533
2088
4757
1359
501
2828
3331
664
1824
4882
998
1829
715
1681
3837
3627
2920
2052
2559
4571
3869
2599
4009
1443
797
2968
3918
721
1600
3265
3433
2153
3085
1276
3098
1908
4972
84
1891
3838
2502
2852
3172
3123
458
2661
215
2683
1197
2960
3915
1761
1845
1947
4843
3898
1862
4501
1387
1265
4070
3901
1949
1450
1344
3751
268
2925
1106
2315
4136
713
1874
2147
808
3033
1396
3794
496
4830
1045
4527
3528
214
3837
1402
2816
2242
2198
4890
3239
3775
1758
1839
1115
3923
249
2637
3590
209
3176
2487
2430
2334
4125
2099
416
2169
87
3266
4267
142
3478
1278
3730
476
3192
2109
4128
4249
1412
4284
664
1549
3566
3237
378
3481
665
351
3072
4096
3858
4928
4947
4316
2015
4213
1082
2432
411
1063
3001
721
1828
4025
4132
859
172
2221
3434
2981
901
4157
841
3842
2931
2616
2814
3092
3637
4525
4415
3732
752
1730
1855
2213
1084
3595
2408
3951
1695
3945
757
2752
1477
1424
3785
3684
2975
1780
1149
2878
3342
2634
4096
3848
2019
111
3866
4321
2035
4571
2983
469
2
4703
2590
151
3376
2092
2307
1656
1355
3594
4514
2767
889
3898
115
3298
3340
236
1501
315
1760
4456
623
82
2616
1959
783
2790
401
2873
2946
3098
4996
2036
2323
2969
1938
3583
1220
4787
230
81
2371
4325
1119
4369
661
3231
3363
1358
1055
3910
4351
612
3748
3735
916
4704
975
1437
4553
534
4857
719
4580
2676
3522
3948
1967
2826
2001
230
4957
3358
1910
4666
1933
4673
1959
1310
1239
1975
4571
883
772
19
470
4032
990
2227
1335
2559
1055
10
19
21
25
28
34
40
48
52
56
66
73
83
88
95
104
106
106
109
115
119
120
122
128
138
144
151
158
164
169
178
186
194
196
198
205
213
213
222
225
226
233
233
233
234
239
246
252
261
270
274
276
286
296
301
310
319
324
332
340
346
352
360
363
364
372
377
379
385
393
397
406
408
412
421
424
434
438
438
438
440
450
452
459
467
476
482
491
499
501
508
517
522
523
527
537
545
554
555
556
565
566
575
577
582
588
594
598
605
605
609
615
619
619
624
630
636
645
650
657
659
667
669
678
678
679
684
689
691
696
696
699
699
699
709
718
723
724
731
739
742
745
754
754
755
759
768
773
777
778
784
787
796
802
806
810
820
823
829
832
838
847
847
856
857
862
863
867
875
878
878
879
888
888
894
899
906
909
911
920
920
920
922
930
930
937
943
948
948
948
958
958
961
966
972
976
980
990
990
992
995
1001
1010
1016
1025
1030
1031
1035
1044
1050
1050
1056
1057
1066
1071
1076
1080
1088
1096
1103
1108
1113
1114
1117
1127
1127
1137
1146
1152
1161
1169
1170
1178
1182
1184
1186
1187
1196
1206
1212
1221
1227
1232
1237
1244
1250
1250
1259
1263
1266
1266
1268
1270
1272
1276
1277
1281
1282
1283
1293
1295
1305
1308
1314
1324
1326
1334
1339
1345
1353
1361
1370
1370
1376
1380
1386
1393
1394
1397
1400
1403
1403
1404
1407
1414
1421
1431
1441
1451
1461
1469
1476
1478
1478
1479
1483
1485
1491
1501
1509
1511
1519
1525
1525
1532
1535
1542
1543
1552
1555
1560
1564
1571
1575
1580
1590
1598
1606
1615
1619
1620
1629
1629
1637
1638
1640
1640
1644
1653
1661
1670
1670
1671
1678
1688
1695
1702
1706
1709
1714
1715
1718
1727
1730
1739
1748
1752
1756
1766
1776
1786
1793
1802
1807
1811
1816
1816
1816
1821
1826
1832
1834
1844
1846
1851
1857
1864
1872
1882
1891
1898
1899
1900
1903
1910
1918
1925
1930
1934
1934
1936
1942
1949
1949
1950
1959
1963
1968
1978
1984
1989
1992
1993
1995
2000
2009
2019
2029
2032
2039
2045
2053
2062
2068
2071
2075
2084
2093
2097
2104
2113
2119
2120
2120
2121
2131
2137
2143
2145
2155
2164
2174
2175
2176
2179
2185
2195
2201
2208
2210
2217
2225
2231
2232
2241
2248
2248
2248
2255
2255
2264
2269
2277
2282
2284
2288
2293
2302
2304
2313
2315
2322
2332
2333
2335
2337
2337
2345
2351
2355
2356
2359
2369
2379
2385
2390
2399
2400
2404
2413
2416
2425
2435
2439
2439
2444
2454
2458
2459
2469
2479
2479
2489
2498
2502
2502
2506
2508
2518
2526
2534
2538
2538
2544
2548
2557
2563
2570
2579
2579
2583
2591
2594
2598
2605
2608
2612
2614
2619
2623
2625
2631
2641
2641
2649
2657
2659
2663
2672
2675
2677
2685
2690
2697
2697
2701
2711
2715
2717
2717
2727
2730
2735
2745
2753
2762
2768
2777
2778
2781
2786
2792
2794
2794
2803
2808
2808
2810
2810
2815
2819
2829
2839
2846
2849
2858
2861
2862
2868
2872
2879
2888
2898
2898
2903
2911
2914
2916
2921
2924
2934
2943
2953
2957
2957
2967
2967
2972
2978
2978
2981
2989
2990
2997
3006
3010
3020
3020
3024
3024
3033
3041
3042
3042
3042
3052
3056
3066
3075
3083
3093
3098
3108
3109
3114
3114
3121
3130
3137
3137
3141
3150
3155
3155
3163
3166
3175
3184
3191
3199
3199
3201
3203
3203
3209
3219
3227
3237
3240
3245
3251
3259
3268
3277
3281
3291
3297
3297
3299
3301
3308
3309
3309
3314
3319
3321
3330
3338
3344
3347
3354
3362
3369
3375
3375
3381
3386
3389
3399
3409
3413
3418
3422
3423
3432
3434
3435
3442
3447
3457
3458
3459
3462
3471
3476
3476
3483
3484
3491
3499
3502
3505
3511
3515
3521
3525
3528
3531
3534
3542
3546
3549
3551
3559
3566
3568
3569
3572
3572
3582
3591
3594
3597
3597
3604
3611
3611
3611
3619
3622
3631
3631
3634
3637
3644
3653
3653
3661
3667
3677
3677
3683
3690
3698
3703
3712
3718
3727
3736
3742
3749
3750
3752
3760
3760
3761
3766
3774
3778
3781
3786
3793
3798
3799
3808
3813
3822
3831
3839
3848
3858
3859
3863
3863
3871
3879
3884
3894
3903
3910
3917
3917
3927
3929
3930
3933
3941
3947
3947
3955
3962
3971
3980
3987
3992
3994
3996
4002
4003
4004
4007
4017
4022
4032
4040
4046
4056
4060
4060
4061
4066
4068
4077
4084
4094
4097
4106
4106
4113
4117
4126
4136
4146
4147
4157
4157
4160
4166
4170
4171
4181
4182
4188
4192
4193
4194
4196
4202
4204
4212
4222
4227
4229
4234
4242
4250
4256
4261
4270
4275
4275
4285
4295
4298
4302
4305
4308
4312
4317
4323
4331
4337
4337
4341
4349
4356
4360
4361
4365
4374
4379
4387
4394
4401
4407
4411
4415
4420
4427
4432
4440
4448
4450
4453
4460
4464
4472
4475
4481
4486
4495
4505
4515
4516
4522
4532
4535
4542
4552
4553
4559
4559
4561
4563
4573
4579
4587
4594
4603
4613
4620
4624
4630
4634
4644
4650
4656
4664
4672
4675
4684
4691
4699
4705
4711
4721
4727
4728
4730
4738
4740
4741
4751
4753
4759
4765
4772
4779
4787
4793
4799
4803
4803
4805
4811
4817
4823
4830
4840
4848
4849
4859
4866
4876
4881
4887
4888
4897
4898
4899
4900
4907
4913
4920
4929
4938
4942
4948
4950
4955
4959
4964
4965
4974
4977
4978
4986
4993
5003
5013
5014
5023
5031
5041
5050
5057
5064
5066
5071
5076
5079
5086
5089
5091
5092
5097
5100
5100
5110
5120
5128
5136
5136
5144
5154
5161
5169
5179
5179
5188
5197
5199
5208
5214
5222
5222
5223
5232
5235
5243
