# La primera línea indica la cantidad de minutos a considerar (n). Luego vienen n líneas que corresponden a los x_i, y luego los n valores que corresponden a la función f(.):
1000
4371
111
295
2814
1452
3315
1211
4093
2908
3795
449
2564
3765
4756
334
3548
1837
4302
2496
868
872
3381
258
327
1998
4763
1171
2778
2355
1373
1145
1197
3440
2891
4772
82
3839
1437
3220
3540
3950
4189
4294
1638
2347
1945
4738
4502
1302
1869
4391
462
735
518
3925
549
4316
4089
436
1078
1879
4194
3353
691
1814
4582
2216
4210
1586
2701
1736
1601
4782
587
1438
1702
320
4850
4333
2909
2082
5000
556
3379
1469
4178
4555
775
2802
1676
1929
3552
507
4930
3117
4884
4153
2171
21
2760
4325
4424
1317
4481
748
2292
4571
1445
653
734
2412
62
4571
3326
2867
3468
1487
1750
3514
2089
3810
1550
2726
493
3899
2366
107
2067
3837
1473
2228
3472
1838
4859
2319
4862
493
373
1
3707
755
3444
3855
664
447
412
1173
2364
1276
2225
4683
3949
2344
1723
170
3167
615
2458
1236
3030
1334
99
4636
2100
2663
1128
506
2772
3766
1219
1779
3907
3567
1005
250
773
519
738
671
1296
4229
1228
796
2852
4937
4073
1188
4303
2925
3060
4195
1582
1669
2008
3941
3127
1059
1738
2814
3550
2306
2629
4066
3432
3104
1099
4934
1956
406
1422
237
3401
4636
2199
4891
1765
82
2548
1804
1402
1876
4371
4568
1544
405
4051
2353
1387
599
3247
2538
2758
1948
1238
3195
1673
2502
1760
193
3443
4983
2633
2734
3777
2207
4111
1636
4160
937
2918
1246
3968
5000
2809
1775
1986
4044
1688
2548
2492
2630
3492
1104
251
2349
319
4499
4161
1523
2377
2659
1435
3937
657
1701
2617
1629
1261
0
948
3795
4132
2650
2737
3064
1735
1422
2682
828
1363
3627
3395
2434
877
2635
3099
1356
557
220
961
3775
3060
4406
46
4743
3003
4157
2513
1391
4753
4399
4723
2305
705
1302
805
3935
693
3810
3818
1836
4138
3242
319
4594
3019
3761
1019
483
2565
1989
4426
4843
2403
2233
2420
2399
682
2755
1300
930
3956
508
2877
2669
1115
2071
4586
2679
2252
3289
3185
2692
1029
4348
1031
4334
4047
4107
3897
1798
533
4737
962
1551
1541
390
3020
2449
4322
1632
4697
2886
4401
3841
4832
316
1147
3222
1501
1474
1717
2077
4488
1409
3551
4895
4623
441
1289
3680
4601
3218
1512
2394
3876
1711
2966
994
2053
3890
3687
1391
606
1222
3632
2827
854
473
2595
1223
3627
4122
3825
4754
4958
2751
2544
4423
1524
4971
2322
1686
2268
914
1389
300
2738
4793
1059
4499
3602
1364
2264
4557
1444
3928
1008
81
2976
3541
777
4446
433
999
706
1522
1085
4872
1492
378
4976
240
2988
489
2107
3941
276
4648
1492
4386
72
1552
4714
500
3186
4841
2847
2786
3148
2599
4413
504
3573
576
745
595
4658
806
3550
2003
1648
3483
2877
693
4136
155
4786
1290
3285
4864
4474
456
345
2456
4791
161
641
2522
1999
3124
304
3596
4286
4518
3847
61
3050
3132
1465
750
3900
747
2913
4244
192
759
2134
1836
2148
2408
539
1129
2091
810
2799
3372
3965
148
3692
2404
4570
1301
2669
2571
508
4611
3114
1412
2136
3803
4381
2798
198
3070
4444
3097
4055
1323
508
1376
1044
562
3422
1194
3814
1341
960
4671
1732
4014
2637
902
4263
411
4069
2801
2783
4920
208
3792
3332
3676
2117
4055
3282
62
3677
1096
4105
974
4031
2290
2330
1850
43
4945
4105
4463
4112
2360
1798
1244
3960
1581
2748
322
3266
1360
3951
2615
3103
2925
985
339
2978
4855
1815
4454
2118
3445
2152
2410
2660
3061
4179
4333
282
2984
3176
359
1844
548
4804
1214
616
4479
4026
438
3549
3463
3294
3299
2855
3328
3798
3183
2490
1014
3843
1535
3275
2432
3402
1824
2118
3578
4044
1520
4443
4114
4652
4663
1617
4154
975
4048
3167
3640
458
1873
1916
2265
3703
3076
4422
537
4417
2224
4668
3057
2289
871
199
4958
386
3165
1130
3202
507
411
4946
223
1476
376
3426
295
2954
3139
3592
4677
2488
3267
2753
4976
4742
4339
907
4495
1981
4985
1419
3429
2477
4306
3624
4587
4013
2150
153
1104
22
1980
3645
1834
987
1802
216
3323
4073
3882
3647
1813
1991
3335
580
4711
1888
363
3665
330
1126
1201
468
447
1923
2936
1682
4622
4761
3169
2887
2530
1215
2137
1779
3362
2085
644
2463
293
2505
2692
3087
2379
3983
1609
2107
4066
44
1581
397
3109
1405
4702
4719
4711
2168
626
2064
2086
3218
460
3511
4653
2291
4360
1784
174
2538
3798
2257
1231
4944
2908
4242
645
1310
4112
1976
405
2954
3144
3933
2148
4594
1393
522
2867
666
1557
1762
728
1705
2876
3808
4073
2689
2758
1664
717
1451
4527
1303
2923
1386
1423
1216
3443
744
206
1148
281
1811
3018
291
2234
1649
4669
3774
1379
1730
3119
1718
4558
1135
738
2986
3059
28
373
111
3998
2996
4461
4121
3391
3866
78
3413
1865
1712
2329
1311
3111
2042
2767
1161
2145
2513
3535
2614
383
4842
3674
1947
4428
1161
4251
2355
450
3213
1279
1662
4631
1697
3587
1102
3643
1626
214
4900
4512
3582
2670
3623
2577
4664
2867
3868
4246
3934
3107
2279
485
3057
3780
4177
590
174
4064
1096
200
858
27
1088
4384
4244
2935
4626
4881
3897
3788
1420
2390
1285
4222
2776
360
3586
482
4051
3498
3496
2006
1033
1763
2244
3639
863
982
1488
284
852
238
4071
3629
3856
3996
4565
1413
2131
3104
3338
2062
116
2811
2195
4852
56
1709
920
63
27
2824
2970
2671
3644
1432
1970
2533
703
3371
4904
764
1553
3904
1338
746
2340
1662
4407
3725
1343
1128
660
2879
3395
475
3617
732
1524
4230
1076
978
3871
1367
3993
1889
3794
388
2208
3374
122
3513
3185
2442
3249
4450
299
8
13
23
25
33
37
39
47
51
55
63
71
73
83
91
101
109
109
116
117
121
129
131
137
137
145
148
150
158
165
165
174
179
184
190
199
201
209
213
221
227
228
237
242
248
252
257
265
274
280
286
287
287
291
298
306
309
310
312
320
328
330
337
340
347
350
360
362
362
366
367
372
372
376
378
386
387
388
393
396
396
400
409
410
412
421
428
433
442
447
455
458
463
467
467
472
475
483
489
499
499
500
501
511
516
517
525
525
535
538
547
553
561
568
577
581
585
587
595
596
606
613
619
625
631
631
637
639
642
645
655
659
659
663
670
680
683
686
695
702
710
714
721
723
732
736
746
751
760
762
771
781
791
800
807
808
812
819
823
830
839
848
856
865
865
875
883
885
885
885
888
889
892
893
894
904
914
917
926
929
932
937
942
942
952
956
962
964
967
971
974
983
990
995
996
998
1004
1006
1006
1009
1017
1026
1026
1036
1037
1039
1049
1053
1058
1062
1071
1081
1086
1095
1098
1108
1110
1115
1115
1123
1127
1130
1135
1137
1140
1147
1151
1155
1162
1164
1168
1177
1178
1183
1189
1195
1200
1203
1209
1211
1211
1217
1224
1227
1237
1244
1252
1256
1259
1259
1268
1272
1278
1278
1288
1289
1293
1301
1303
1303
1310
1318
1326
1336
1344
1352
1355
1356
1359
1362
1371
1372
1377
1377
1384
1388
1388
1395
1405
1412
1422
1424
1430
1432
1432
1432
1436
1436
1441
1442
1447
1450
1458
1460
1463
1463
1464
1465
1471
1478
1479
1479
1488
1498
1498
1499
1507
1510
1514
1514
1516
1521
1523
1530
1539
1540
1544
1550
1558
1559
1561
1565
1575
1577
1587
1593
1596
1597
1602
1611
1615
1621
1625
1625
1631
1636
1638
1646
1652
1661
1670
1675
1675
1679
1682
1682
1683
1690
1695
1699
1706
1706
1716
1717
1726
1731
1734
1744
1751
1761
1769
1777
1786
1795
1802
1808
1817
1822
1830
1837
1838
1847
1852
1855
1862
1869
1870
1876
1877
1886
1890
1897
1897
1905
1909
1911
1912
1919
1927
1937
1944
1947
1957
1963
1964
1973
1983
1992
1996
2006
2014
2019
2029
2035
2045
2049
2055
2062
2065
2072
2075
2075
2076
2084
2085
2093
2095
2095
2104
2114
2115
2125
2134
2135
2138
2142
2152
2159
2167
2172
2176
2186
2186
2190
2199
2204
2206
2207
2208
2215
2224
2225
2233
2237
2244
2245
2255
2258
2264
2273
2281
2287
2292
2299
2302
2307
2317
2322
2327
2333
2340
2342
2348
2351
2356
2357
2366
2370
2373
2378
2385
2392
2398
2398
2401
2401
2402
2404
2407
2408
2411
2415
2423
2433
2435
2440
2446
2448
2448
2452
2458
2464
2468
2471
2480
2490
2499
2508
2513
2515
2517
2520
2520
2524
2534
2544
2548
2552
2553
2558
2558
2563
2565
2573
2580
2587
2587
2595
2595
2602
2607
2617
2620
2629
2638
2646
2647
2654
2658
2666
2675
2681
2684
2691
2694
2697
2701
2702
2708
2710
2720
2724
2733
2739
2748
2758
2764
2768
2774
2775
2780
2789
2796
2805
2812
2816
2826
2828
2835
2839
2841
2848
2850
2854
2864
2869
2877
2881
2884
2889
2899
2905
2913
2923
2932
2935
2943
2944
2951
2959
2966
2971
2978
2985
2986
2993
2997
2998
2999
2999
3000
3000
3007
3008
3008
3013
3014
3024
3026
3032
3040
3044
3048
3052
3062
3066
3075
3075
3084
3090
3094
3101
3102
3110
3113
3120
3126
3130
3131
3133
3140
3147
3156
3161
3162
3170
3172
3180
3182
3187
3197
3203
3213
3215
3217
3220
3225
3232
3242
3245
3245
3253
3258
3262
3263
3270
3271
3277
3286
3288
3289
3294
3295
3304
3314
3317
3325
3327
3328
3330
3337
3342
3347
3348
3354
3364
3368
3377
3381
3386
3396
3399
3399
3408
3414
3417
3418
3422
3423
3429
3431
3432
3435
3436
3441
3445
3452
3459
3459
3464
3472
3479
3484
3491
3493
3496
3502
3509
3513
3518
3526
3534
3544
3549
3554
3562
3562
3563
3567
3574
3579
3589
3591
3593
3600
3607
3614
3616
3618
3622
3628
3637
3646
3650
3651
3661
3670
3676
3682
3684
3688
3690
3699
3702
3705
3710
3718
3726
3731
3740
3746
3748
3755
3757
3758
3758
3763
3769
3773
3783
3792
3794
3796
3798
3801
3810
3811
3818
3824
3828
3831
3837
3840
3842
3850
3853
3861
3864
3865
3875
3881
3884
3888
3897
3906
3906
3912
3922
3922
3928
3936
3936
3939
3941
3945
3945
3953
3959
3965
3968
3968
3971
3973
3983
3992
3998
4001
4008
4010
4017
4026
4029
4037
4046
4051
4057
4064
4064
4069
4074
4081
4082
4083
4093
4096
4097
4103
4110
4112
4122
4127
4137
4143
4148
4153
4159
4167
4167
4176
4180
4182
4186
4196
4201
4207
4217
4221
4227
4230
4234
4234
4242
4242
4250
4260
4268
4271
4271
4279
4286
4296
4300
4305
4312
4316
4323
4333
4340
4341
4346
4347
4347
4353
4358
4367
4369
4379
4385
4392
4393
4393
4400
4400
4408
4412
4421
4425
4434
4440
4440
4450
4455
4457
4462
4471
4473
4476
4485
4486
4493
4502
4512
4521
4531
4536
4537
4546
4546
4556
4559
4562
4565
4572
4576
4582
4587
4593
4596
4597
4607
4613
4616
4616
4625
4630
4630
4639
4647
4650
4657
4666
4676
4681
4685
4693
4701
4710
4715
4721
4723
4723
4723
4727
4730
4734
4741
4742
4747
4748
4757
4764
4768
4775
4779
4779
4783
4787
4792
4793
4794
4794
4801
4805
4810
4810
4819
4820
4823
4832
4841
4851
4861
4863
4873
4877
4878
4881
4891
4895
4903
4909
4912
4919
4928
4928
4934
4942
4945
4948
4951
4953
4955
4958
4964
4974
4984
4993
5001
5010
5015
5020
5025
5035
5043
5045
5051
5055
5065
5068
5073
