# La primera línea indica la cantidad de minutos a considerar (n). Luego vienen n líneas que corresponden a los x_i, y luego los n valores que corresponden a la función f(.):
1000
381
3576
4583
118
4139
3958
2402
4978
4737
2600
1698
169
4357
2869
3093
720
3417
2087
398
2458
872
1079
1507
1301
89
252
4902
1855
1624
1008
4348
3597
1214
3346
22
1076
15
2996
4265
1569
3965
299
12
3314
4029
481
2103
4510
4722
648
2421
344
3390
23
1291
2737
1470
2250
2679
494
3750
1339
3511
2122
2825
245
1718
1489
1780
3190
1398
3850
1201
3330
3401
3695
672
2150
3708
4692
3045
1488
3115
4341
4090
4427
853
2070
4437
1727
3593
2479
3561
4523
594
2552
3854
481
2822
1554
199
4128
656
4196
4304
669
4171
280
4057
821
3402
3923
425
823
4115
1243
3763
1313
406
1055
2435
4326
229
3314
4000
3555
2011
4441
1494
1484
3188
1236
125
1479
152
2799
3191
4359
4736
2190
3885
1395
780
4926
1251
569
3628
2282
142
195
311
3528
4637
213
354
1834
1338
1081
1761
3904
4564
3577
3051
1678
2644
3632
4186
3751
3094
4403
703
3718
1504
1162
1773
3562
4710
1367
2858
401
52
4774
3068
1874
2054
409
190
325
3382
4073
1822
4665
4424
395
4521
1860
3599
4631
519
1427
4236
3914
2127
2868
1484
3938
4525
2698
3813
1617
1913
4590
24
3192
1698
2483
3484
1046
4317
975
3403
270
4675
144
3259
2417
697
2233
228
3031
4428
4156
3877
1151
2574
2669
1548
4539
296
4588
4111
884
4975
2493
2165
3305
551
2315
1093
1008
3687
4228
3709
1945
3666
1396
2178
1532
1436
631
2238
2918
2320
3023
109
2290
1999
26
1905
1494
3869
1200
1358
1863
2401
3960
2578
2010
3748
405
1447
3419
237
1476
1821
1281
498
970
4181
4242
723
123
2746
2764
2019
2922
1764
1198
835
465
861
4947
3752
2299
4585
3380
1289
692
62
2497
526
580
4411
2916
873
2705
668
3055
2182
4963
2113
1110
810
2503
4601
4243
2142
1130
3527
3876
4541
1471
3190
3620
2606
4738
3345
3966
4371
3836
587
2607
1841
3847
507
1268
2269
4116
481
1771
4617
187
1395
3773
89
4140
372
768
820
4674
279
22
1526
964
751
157
1882
885
3331
540
3202
271
262
4142
4365
2546
2141
3643
4088
3394
1362
4372
3146
3529
18
347
1502
1711
601
1339
167
392
2269
4396
1761
3841
3825
13
3641
1967
4805
977
4106
1207
1077
2821
1970
3495
1746
3766
4185
2242
2122
4564
2923
910
4782
2495
1380
2245
3645
2189
1975
4663
1030
2548
2263
2223
1980
1346
4936
1884
174
3821
1450
1529
1024
1987
3415
405
2610
3498
3903
2263
503
4501
3225
934
1493
1351
2343
2092
3165
2220
4041
2402
3642
2094
974
3482
232
3731
2747
2611
4119
1185
130
692
881
4430
3781
2172
502
650
987
956
4468
1312
3875
2236
2641
4645
434
615
445
3411
4623
3668
1434
1918
4214
4010
506
219
2179
3509
781
4398
2946
4704
296
2200
4483
497
2844
3536
1337
1928
3530
817
4106
1897
469
4610
2435
1328
4441
4882
414
2118
4621
4910
3003
177
4242
4494
3525
911
336
1153
1541
1389
1964
2381
138
3744
3377
2353
2340
3296
1693
2525
1869
3904
4019
2926
171
2390
1152
3900
315
3118
240
2873
336
2219
1412
4039
3575
1262
4683
325
665
3627
1066
4146
3834
931
3751
2133
1046
3649
4375
2338
2947
702
1146
2024
308
2643
1756
1826
2388
529
4281
1144
4619
2206
1521
2801
4434
2346
1845
2351
458
4698
2195
3804
3524
3373
1455
3239
371
1323
216
1624
1773
4812
2888
696
3077
4559
260
2494
4695
2088
98
341
2302
4005
321
4541
865
2597
4907
3131
1270
1303
1670
193
4291
4950
4297
113
2487
962
1273
1383
2283
1320
2065
1515
4050
951
885
4118
4057
1920
1801
3649
1951
2392
1818
1113
1341
1874
1105
603
1146
1673
615
696
937
3503
4809
1735
1209
4425
2731
684
477
247
29
932
2122
4992
2604
2318
2463
4940
4605
3929
236
1125
3263
3044
4373
389
903
1063
880
3535
4161
253
530
186
4821
2457
4743
879
1245
2025
1061
3859
1144
4748
3340
3779
2356
419
4290
39
1725
3242
2662
2927
3533
1110
2601
1194
1226
2364
3171
2479
2595
3086
4722
4218
887
1318
2717
4526
166
725
3950
300
2783
4121
1960
1154
2965
420
3721
4395
4288
2730
1675
4645
3398
4467
1525
4292
2743
3471
2788
618
4503
45
2390
4840
886
468
1984
1243
2843
3078
2848
25
3431
4350
3165
2370
2446
66
1372
604
76
1232
2921
2572
3598
123
3734
2910
2796
1381
436
585
3767
4658
1052
2309
3082
666
4097
3870
2205
4903
75
2492
626
1019
4334
3344
825
2220
4100
3754
1180
4412
2955
1399
2190
3295
3472
211
261
1603
3968
2721
3434
2060
2901
675
3091
4257
1881
1044
4838
1768
1913
2362
99
2581
1619
1219
1855
738
1729
4841
3075
1081
1015
4713
2275
3530
3418
3909
2974
81
4284
766
3718
4301
1208
612
2634
78
231
3942
925
4302
207
916
1834
1183
1231
3510
1906
4901
4068
2052
4576
3294
2320
3480
3930
942
4988
4658
3467
3851
1227
1557
996
2449
1934
4887
2374
2651
4746
721
4533
3116
935
4214
1469
939
2743
2430
1168
2210
3123
4665
753
1985
1208
600
4212
2141
4300
2246
3691
4297
4836
3048
1877
3291
235
3584
4618
4815
4957
647
4684
834
3609
784
3656
4331
2938
3441
444
119
141
4007
1578
4071
1082
3944
889
278
4219
187
1535
2867
1009
275
457
834
520
2113
3779
359
3584
2686
1739
2712
1320
2562
3783
4536
2990
286
1273
1264
2361
528
936
3484
3440
4436
1077
4271
1913
3137
4638
2797
332
1204
4941
4818
2135
4752
3531
2894
1001
4458
394
1839
830
880
4936
3370
1747
4657
2541
2650
584
3474
1
9
11
18
27
29
31
37
45
52
59
63
72
82
84
88
94
103
112
116
120
120
127
132
139
148
151
154
161
163
169
174
176
184
188
192
192
202
208
214
214
218
227
229
231
237
242
250
252
261
265
266
268
269
277
277
277
278
278
285
291
297
301
302
309
313
321
330
337
337
346
353
358
363
368
372
381
389
396
400
404
404
413
421
430
431
438
445
447
450
454
458
467
469
473
476
483
488
492
502
509
514
515
516
517
523
528
533
541
548
554
562
563
569
577
577
587
588
593
598
598
607
608
611
618
624
627
628
638
644
647
654
662
668
676
676
685
690
690
692
693
703
705
709
719
720
724
727
732
732
732
734
743
750
755
759
767
777
784
794
796
803
803
808
815
823
825
833
833
839
840
849
856
856
866
869
877
881
883
885
889
896
902
912
921
921
927
933
943
951
954
956
966
971
980
990
994
997
1006
1016
1024
1031
1036
1040
1049
1058
1064
1064
1074
1075
1079
1079
1085
1086
1087
1097
1100
1102
1112
1114
1120
1123
1125
1133
1133
1135
1143
1143
1146
1147
1148
1152
1153
1159
1161
1169
1173
1182
1184
1185
1193
1195
1205
1211
1213
1216
1220
1227
1229
1235
1243
1246
1254
1254
1262
1270
1271
1275
1281
1286
1296
1300
1308
1316
1323
1326
1327
1333
1341
1349
1351
1355
1362
1371
1371
1371
1381
1386
1393
1393
1399
1408
1409
1411
1419
1419
1422
1422
1429
1439
1444
1448
1456
1466
1467
1474
1474
1476
1480
1489
1490
1494
1495
1504
1509
1515
1518
1519
1521
1522
1525
1529
1531
1539
1541
1548
1553
1558
1567
1576
1585
1590
1593
1594
1598
1606
1613
1622
1632
1636
1643
1647
1653
1663
1668
1669
1672
1681
1686
1694
1695
1697
1699
1700
1710
1716
1717
1724
1728
1736
1741
1748
1753
1763
1768
1771
1774
1781
1786
1795
1802
1810
1813
1822
1827
1836
1840
1850
1855
1862
1872
1877
1881
1884
1894
1899
1908
1917
1922
1925
1929
1931
1935
1938
1942
1949
1949
1958
1960
1969
1972
1982
1985
1993
2001
2009
2018
2018
2027
2033
2035
2039
2041
2050
2055
2065
2071
2075
2075
2083
2084
2089
2099
2107
2114
2116
2117
2120
2125
2128
2132
2133
2136
2138
2142
2150
2156
2160
2170
2172
2182
2190
2200
2202
2204
2212
2214
2217
2225
2227
2237
2237
2242
2242
2243
2246
2251
2253
2258
2266
2271
2276
2280
2289
2297
2305
2305
2315
2321
2325
2328
2337
2344
2348
2355
2362
2367
2367
2367
2371
2378
2378
2387
2397
2398
2404
2412
2418
2427
2427
2433
2436
2442
2447
2449
2454
2461
2471
2471
2472
2478
2482
2489
2489
2496
2504
2504
2507
2511
2512
2513
2515
2524
2524
2528
2530
2532
2538
2547
2552
2560
2568
2574
2578
2587
2592
2597
2602
2603
2609
2611
2620
2621
2623
2627
2629
2635
2635
2643
2653
2661
2664
2669
2674
2682
2685
2688
2691
2699
2707
2712
2712
2716
2722
2731
2735
2742
2742
2743
2748
2753
2760
2766
2774
2778
2785
2791
2792
2795
2800
2803
2804
2806
2811
2819
2827
2827
2830
2835
2843
2846
2851
2860
2860
2864
2866
2872
2878
2879
2883
2891
2899
2909
2915
2916
2921
2921
2929
2929
2929
2935
2937
2937
2943
2951
2960
2963
2968
2972
2982
2983
2989
2989
2989
2990
2996
3003
3011
3012
3014
3019
3028
3037
3047
3052
3061
3066
3070
3070
3073
3075
3080
3085
3094
3099
3104
3112
3116
3116
3119
3128
3130
3132
3133
3142
3144
3145
3149
3159
3168
3175
3179
3180
3183
3189
3197
3204
3208
3209
3210
3214
3223
3226
3233
3241
3241
3245
3254
3258
3265
3273
3275
3285
3295
3299
3300
3303
3310
3316
3317
3320
3321
3331
3334
3335
3342
3345
3352
3354
3355
3359
3368
3370
3370
3374
3377
3384
3390
3392
3400
3401
3403
3409
3411
3416
3417
3425
3429
3436
3444
3446
3449
3453
3459
3461
3465
3474
3476
3485
3486
3495
3505
3505
3510
3518
3525
3530
3537
3547
3557
3559
3564
3574
3580
3590
3598
3607
3608
3611
3612
3614
3618
3626
3632
3632
3635
3639
3639
3643
3652
3655
3662
3668
3673
3676
3685
3685
3685
3694
3698
3705
3714
3722
3728
3734
3742
3750
3751
3757
3766
3768
3771
3774
3780
3790
3795
3805
3807
3809
3817
3818
3823
3829
3839
3844
3851
3857
3859
3859
3864
3865
3871
3875
3884
3891
3901
3902
3906
3916
3924
3928
3928
3928
3931
3940
3947
3948
3958
3958
3959
3962
3962
3963
3971
3975
3977
3984
3984
3992
4000
4008
4016
4025
4026
4032
4042
4052
4058
4061
4068
4068
4078
4078
4078
4078
4079
4086
4086
4086
4091
4095
4102
4104
4113
4116
4118
4120
4128
4134
4138
4141
4147
4150
4156
4156
4163
4169
4169
4175
4179
4184
4189
4195
4197
4201
4205
4212
4217
4225
4228
4230
4238
4238
4241
4242
4247
4253
4253
4258
4268
4275
4285
4288
4288
4296
4301
4305
4307
4307
4310
4310
4313
4320
4325
4325
4328
4333
4336
4343
4351
4353
4356
4362
4367
4377
4380
4383
4383
4388
4395
4398
4401
4405
4409
4410
4414
4423
4429
4431
4435
4445
4447
4447
4451
4458
4465
4475
4478
4480
4484
4492
4496
4496
4497
4501
4505
4512
4512
4520
4522
4522
4525
4530
4535
4542
4542
4551
4558
4561
4561
4562
4563
4572
4574
4574
4580
4589
4592
4602
4603
4604
4605
4607
4613
4613
4616
4619
4627
4630
4637
4645
4650
4658
4663
4663
4665
4673
4683
4687
4689
4692
4699
4701
4705
4708
4715
4716
4719
4725
4725
4731
4740
4748
4749
4753
4761
4768
4768
4773
4773
4782
4786
4791
4792
4797
4804
4811
4819
4819
4821
