# La primera línea indica la cantidad de minutos a considerar (n). Luego vienen n líneas que corresponden a los x_i, y luego los n valores que corresponden a la función f(.):
1000
604
4516
3049
2324
4345
1048
2039
3748
3951
3950
1083
2685
4270
246
2081
2589
4095
3291
3237
467
2919
3502
2892
4131
3013
1358
1218
396
441
1062
4437
761
3843
2488
1000
1827
1538
1388
3879
4330
1609
3273
1979
4146
246
4121
3423
1870
2138
3209
3062
3351
3550
4592
3917
4940
3734
1263
4449
168
1261
4048
3897
847
4391
3286
1150
1343
2018
4452
1627
1893
527
3460
778
1710
4364
4517
4691
825
1108
3163
2250
323
2462
1671
3301
758
1117
1362
3725
4829
547
3668
3206
2328
3216
749
484
4821
2451
3944
800
2746
2004
2954
4208
201
2680
1982
3549
542
1852
2320
4293
2611
2403
3192
3081
1702
431
2731
3063
4224
661
4648
2709
3670
680
1940
2146
2097
3528
964
4482
3273
2956
4079
3633
1230
649
611
3592
2728
4826
1220
4161
3809
1526
4755
2699
3830
2009
670
2870
263
3579
1678
572
4158
768
502
3343
391
2707
2752
4518
4878
1285
4964
2665
2352
445
4927
4281
674
2101
818
1631
713
3378
4427
57
2696
1406
1715
50
2182
2712
4457
362
4452
1500
3468
1874
1581
279
106
80
4823
3339
4353
4497
705
3938
523
1752
4878
3836
2754
4258
3768
4505
4962
2081
1097
2566
2986
4190
3766
2530
4095
1304
278
1083
1724
2012
821
4244
1909
2317
1499
586
461
2264
2642
2018
3371
1561
3824
2593
2129
3526
2571
1322
4940
271
4705
677
3280
4350
4105
4407
4863
1551
2627
1506
2686
303
4517
125
487
3221
2046
4226
4417
2550
3496
4451
1964
3638
2046
1954
4755
196
2060
884
3740
2574
4072
341
4323
3909
253
2264
1887
1797
4874
1269
3450
2562
3645
2288
96
2418
1963
4640
2216
4241
3528
4509
4917
498
847
2655
2344
195
4266
788
3865
1387
3810
998
4495
205
1622
4103
488
3367
3620
2120
2213
2546
786
497
4182
4739
4772
3057
1712
2344
438
2632
4374
1359
1342
2017
1947
4146
417
4307
3454
1069
1834
2626
1116
1041
2206
2768
2613
3577
2229
362
94
1054
169
1805
4724
4594
2830
1656
4828
3860
3837
1925
823
2705
3978
737
2507
1398
1817
4322
4378
3859
595
895
299
4979
825
3092
654
3638
1944
4054
216
1278
2798
748
2420
2272
2140
1011
3424
3676
4671
4826
3620
4913
3586
296
1153
4181
1957
4735
2130
536
1716
4290
2624
2600
3460
3414
1766
830
3687
4374
1224
3869
4597
3140
4588
2054
3459
4108
1640
863
1407
1379
1213
1644
4302
1046
1784
2737
2547
660
876
1799
3100
1594
3152
1662
2910
2887
3921
1940
4532
2154
2396
4775
24
1612
4087
3329
1566
4464
2755
1720
3500
4878
3468
4937
2967
351
1829
2940
4825
269
9
1559
2761
4847
3908
1004
2501
684
1270
219
2258
3853
2193
2383
2564
4986
4625
2140
4775
938
408
3999
3199
2953
3018
997
4110
4692
2310
678
2029
1971
4666
876
1974
94
1162
303
1920
4724
4322
459
3417
4095
4763
360
4978
3394
1155
2502
4396
1530
1363
1571
4073
3124
4143
3932
2827
4065
1249
2929
1311
478
2461
3707
3110
3707
4107
4254
690
181
4991
3495
741
924
4567
382
2225
41
1728
3502
4925
75
3739
2600
2404
3823
2513
4138
4119
1321
4657
577
4292
3029
4261
3972
978
649
4702
4437
3468
1099
673
1067
767
4923
2062
4942
3971
1474
4609
1954
3164
4393
103
3857
1902
4161
980
635
3546
544
1992
2822
2250
873
4001
4695
3273
3542
367
3633
2015
408
847
949
1245
3512
4809
1323
2053
1602
331
4653
3926
4555
3846
2256
914
4997
1130
4359
296
107
4271
3125
4561
1667
4218
1149
3315
2908
4465
2394
3103
43
186
1191
4408
2991
2777
57
2721
2363
3992
4213
1957
738
407
3087
3791
2007
3151
2203
317
2111
1683
2390
3302
1378
3696
1167
2731
1562
4224
1860
1336
3043
3389
809
2231
300
1684
3420
3797
4054
1798
4659
1828
3686
4389
2834
1207
4883
4004
1429
2152
1775
3169
251
1086
2049
4882
4369
4261
1428
4515
858
4946
4677
3614
3116
3627
4009
3312
4141
519
3727
1150
649
83
4150
2533
3140
2472
1308
543
1683
3764
676
3202
4585
1252
2385
3090
4485
4693
2089
2284
2642
2833
2256
1869
3446
1434
119
4204
2037
757
3570
1943
3985
4734
4802
4614
2021
3496
4114
4440
4860
182
4398
1183
4466
4628
3526
1335
1765
4923
2923
1267
260
26
1414
1509
2080
4336
687
800
4600
4000
2651
4053
3094
429
4771
3142
3274
4260
3663
4194
3239
494
4228
1169
3093
3904
1646
1784
1157
616
930
2765
4604
3768
1617
2456
1223
2548
4113
1362
3124
4055
459
4180
2034
2089
2962
4377
3490
575
994
2974
2087
2310
673
3890
3753
1806
4738
1873
2938
4411
846
2424
400
4745
4194
1741
4310
4384
3195
4973
2948
4019
1101
3859
3693
3677
382
65
2685
4113
2567
1895
548
930
1648
3082
1048
3412
1500
2336
3734
378
2165
26
2290
2102
3983
217
2603
3376
587
655
1005
2935
1686
2508
4088
132
2631
1159
1886
4025
2491
4368
653
1864
2246
3842
3496
4077
2778
2672
3137
3435
3245
2082
1498
1980
617
2648
976
4515
1143
1112
2424
2113
3650
1272
2725
1309
2131
2065
489
1265
1638
684
4819
2527
2805
855
2270
4187
3545
4175
3803
2707
2526
4605
1784
3912
465
4775
3486
1022
2016
1573
4006
1998
3485
3591
2207
4603
341
4361
3848
3546
34
2249
4264
3498
228
887
2913
2140
3393
3196
2708
166
3646
4246
1898
4988
1000
155
981
2047
3892
3883
44
524
313
1142
3030
2277
4904
1225
2212
3430
500
3261
2677
1408
4898
3836
3714
2877
2642
1366
2500
4583
2597
3054
4094
3524
4699
3052
2149
4759
216
809
2339
437
1597
3345
3184
3218
0
4
12
14
24
29
33
40
42
47
53
57
60
67
67
77
85
91
100
109
115
119
123
133
133
143
149
155
165
165
175
185
192
198
198
204
214
221
222
228
232
241
251
260
266
272
274
280
284
292
295
298
301
305
306
311
317
324
334
344
351
351
355
359
365
365
369
371
375
376
379
385
390
392
397
404
406
406
406
414
421
421
426
436
437
441
441
445
447
448
455
456
456
464
471
473
476
483
484
490
500
500
506
507
517
520
521
525
530
534
534
534
534
544
549
552
560
567
576
576
581
584
590
593
595
602
608
610
613
619
619
621
631
635
635
638
643
650
650
654
655
660
667
676
683
685
687
688
692
692
692
697
698
702
703
708
708
717
727
736
737
743
748
756
762
771
775
780
786
786
791
793
796
797
805
806
812
818
825
832
838
846
854
861
868
868
869
870
880
889
893
900
904
908
912
912
913
921
924
932
939
947
955
962
971
971
981
983
984
988
989
989
992
997
999
999
1000
1000
1000
1001
1007
1014
1018
1022
1023
1028
1037
1042
1044
1050
1055
1055
1060
1070
1072
1076
1079
1079
1085
1093
1102
1109
1112
1116
1126
1131
1132
1139
1143
1152
1155
1163
1165
1166
1172
1179
1183
1183
1190
1194
1201
1211
1212
1213
1217
1226
1230
1230
1234
1236
1244
1252
1253
1263
1265
1270
1279
1286
1292
1298
1298
1307
1309
1317
1322
1327
1329
1338
1346
1348
1351
1355
1356
1362
1369
1370
1380
1388
1396
1399
1403
1410
1417
1417
1422
1430
1430
1438
1443
1450
1452
1453
1453
1459
1466
1467
1467
1470
1477
1487
1489
1494
1494
1497
1507
1509
1516
1525
1527
1530
1534
1535
1543
1544
1551
1554
1556
1564
1569
1577
1584
1589
1593
1598
1606
1606
1614
1615
1622
1630
1635
1636
1641
1645
1654
1661
1670
1679
1685
1694
1696
1706
1713
1717
1724
1724
1732
1742
1748
1755
1757
1767
1774
1782
1787
1792
1792
1797
1798
1806
1808
1812
1813
1816
1816
1817
1820
1826
1834
1836
1843
1843
1847
1850
1857
1858
1865
1868
1875
1884
1893
1900
1901
1909
1909
1915
1925
1929
1929
1936
1936
1943
1948
1952
1952
1953
1958
1958
1962
1968
1974
1978
1980
1987
1989
1997
2004
2007
2011
2021
2028
2028
2036
2042
2044
2054
2064
2068
2074
2082
2092
2092
2102
2105
2114
2123
2129
2133
2138
2148
2151
2152
2162
2166
2176
2176
2184
2188
2189
2191
2198
2198
2199
2203
2206
2214
2222
2230
2231
2239
2239
2239
2245
2250
2255
2260
2265
2273
2275
2285
2291
2295
2305
2309
2317
2323
2331
2333
2343
2346
2349
2356
2365
2375
2385
2387
2392
2399
2403
2411
2418
2428
2438
2445
2448
2452
2459
2464
2470
2471
2474
2478
2481
2482
2488
2490
2498
2505
2505
2513
2516
2520
2521
2521
2522
2525
2530
2537
2545
2547
2553
2558
2559
2568
2569
2576
2585
2587
2593
2594
2598
2598
2600
2607
2608
2617
2627
2633
2640
2644
2649
2658
2666
2672
2674
2679
2683
2688
2691
2699
2706
2706
2706
2708
2718
2719
2727
2732
2736
2745
2751
2761
2765
2768
2773
2779
2781
2784
2794
2797
2801
2808
2813
2819
2821
2821
2824
2831
2840
2846
2847
2855
2859
2859
2867
2877
2879
2887
2897
2897
2897
2902
2904
2904
2905
2911
2919
2925
2928
2934
2941
2950
2958
2965
2969
2972
2975
2984
2989
2993
3002
3012
3012
3012
3012
3019
3029
3029
3036
3044
3050
3057
3064
3069
3069
3071
3077
3080
3088
3093
3100
3101
3110
3115
3116
3125
3135
3139
3142
3143
3149
3155
3158
3168
3176
3181
3183
3192
3192
3193
3193
3197
3203
3206
3211
3216
3216
3222
3232
3238
3239
3244
3250
3255
3257
3262
3268
3278
3288
3291
3296
3299
3308
3315
3317
3324
3329
3333
3342
3347
3350
3360
3364
3366
3366
3375
3385
3386
3392
3398
3400
3401
3401
3402
3402
3408
3408
3416
3422
3422
3429
3429
3430
3436
3438
3447
3449
3457
3458
3461
3467
3473
3477
3487
3491
3494
3500
3501
3510
3513
3522
3527
3535
3540
3540
3540
3542
3547
3557
3560
3567
3570
3574
3582
3588
3595
3596
3603
3609
3610
3612
3622
3625
3628
3629
3630
3637
3637
3642
3652
3654
3662
3671
3681
3691
3698
3708
3708
3708
3710
3711
3711
3711
3719
3729
3738
3739
3743
3744
3750
3753
3760
3768
3772
3778
3787
3792
3797
3803
3806
3816
3821
3822
3832
3840
3841
3848
3857
3864
3867
3876
3876
3885
3887
3888
3891
3894
3900
3906
3915
3924
3928
3928
3930
3933
3936
3939
3944
3946
3955
3959
3964
3967
3974
3982
3989
3992
4000
4007
4016
4020
4024
4032
4033
4040
4048
4049
4051
4053
4058
4065
4074
4077
4077
4081
4084
4090
4097
4098
4102
4103
4113
4115
4115
4117
4121
4127
4137
4140
4149
4155
4155
4164
4167
4170
4177
4185
4191
4200
4201
4207
4214
4215
4222
4230
4236
4238
4238
4245
4252
4254
4257
4266
4276
4281
4283
4287
4289
4295
4302
4302
4312
4319
4325
4327
4332
4335
4345
4350
4351
4354
4356
4358
4368
4374
4375
4384
4389
4391
4401
4409
4419
4429
4431
4435
4439
4446
4454
4456
4461
4463
4464
4466
4476
4485
4494
4498
4505
4511
4515
4515
4525
4529
4534
4544
4547
4550
4557
4560
4566
4566
4572
4572
4575
4575
4579
4589
4598
4608
4614
4617
4626
4635
4638
4648
4649
4649
4658
4668
4674
4680
4683
4687
4690
4690
4690
4695
4702
4704
4705
4714
4715
4722
4725
4725
4729
4736
4739
4742
4746
4746
4753
4763
4770
4773
4776
4780
4786
4792
4799
4804
4806
4813
4813
4820
4828
4835
4843
4844
4849
