# La primera línea indica la cantidad de minutos a considerar (n). Luego vienen n líneas que corresponden a los x_i, y luego los n valores que corresponden a la función f(.):
1000
4445
4644
83
1064
4789
3853
2174
2790
4280
2295
1422
1881
1665
2952
2282
4966
4104
4088
4649
1808
3758
1634
2145
3712
3108
1610
4059
1562
4369
3345
4620
1099
2416
4280
4897
3867
2983
2714
2546
2501
2434
154
1004
1002
4332
4705
1813
2841
2813
1019
3258
4440
284
1999
3460
2236
3593
397
2957
2639
4709
406
573
4520
1707
2760
3261
4693
449
4230
2639
974
4761
3952
1793
1271
3923
1681
1661
791
2017
2782
4165
4537
4372
340
4450
2021
727
83
2955
1502
4660
1101
4680
2877
3140
391
3305
3120
4592
2933
4976
3460
2035
150
4582
3707
406
3653
1623
1927
1206
4360
2674
2191
477
2793
4757
4007
1911
3391
2860
2771
2372
1035
995
1444
3412
4295
3758
2243
1929
4753
731
4687
26
3350
893
3219
3993
2994
442
4448
1460
3944
4771
827
2603
931
1727
3410
1171
470
4584
2079
3002
4020
4185
541
942
279
4464
2355
622
2647
2930
497
4391
4353
3126
2278
4183
4076
3864
759
3632
3364
1463
2214
474
3955
4952
3930
1264
4986
2264
2294
2166
3070
2830
3551
115
4426
2345
3064
4253
1349
1960
4446
4336
376
4681
3980
4845
1867
1877
980
464
4979
2210
3535
2021
104
2406
805
439
3140
1837
677
4286
4055
2110
1860
1678
1381
3211
784
3239
1101
4033
894
755
2869
1924
3382
2312
827
2686
1154
3528
4104
3058
2475
4791
2749
731
4295
851
996
4328
1279
1182
151
363
3590
3481
4306
1128
272
3681
2123
1797
1457
2677
1750
3851
3217
1392
992
1732
116
2808
1347
1647
3950
3963
2993
4648
2429
224
3878
2060
4948
2899
2988
4465
1205
3781
2209
2943
3893
921
4137
912
433
1860
3808
2614
4038
3723
309
1160
3870
1302
552
5
3764
1112
4016
1787
3039
2460
1865
2183
1451
905
2608
2752
3056
271
528
4016
4551
4272
388
625
3220
2165
130
26
1529
1375
1891
1153
3462
3752
4562
1576
1047
119
2031
4238
3801
250
3797
2257
3298
3632
1975
1559
641
2230
3705
4583
218
2183
4449
1453
4473
4098
4718
75
634
3405
4839
497
2072
1443
2880
4369
3823
2198
1046
4380
249
2184
4581
3600
3697
4306
313
51
2602
3164
1588
3888
2760
29
3952
4799
3955
1511
2931
1107
2056
389
409
1403
1861
4215
2176
2080
1055
2045
804
2319
2468
457
4393
4235
1497
4864
4272
2834
3394
3339
4629
4310
3115
531
4156
4649
2916
3154
3503
1236
1205
1277
2710
1832
3361
401
3682
925
4579
4141
106
3772
4421
471
3941
2156
1099
4265
3637
3600
4776
1601
4586
464
3300
479
2604
4522
3251
4143
4910
3799
3191
159
209
1323
2625
3214
52
4428
2457
244
1174
3129
1450
2017
4717
1753
4962
2077
65
4094
2952
3612
4518
4445
969
4933
699
2670
4681
3289
4212
1362
1976
705
3268
2128
664
3150
3975
2245
2518
706
205
2664
1374
4906
3531
2612
449
1528
1358
3733
3042
2530
1086
3724
1199
3245
2606
3429
1330
3253
559
2795
4084
2402
3035
4924
3645
464
2449
974
2469
4903
3216
95
1983
4667
3381
3090
4911
836
2547
2839
1267
2690
2582
1850
1967
4593
2548
914
4545
1596
1585
2322
3079
2198
196
1299
3999
4401
2243
2252
1713
3660
3623
2406
2021
1198
4051
3900
4686
866
790
4966
4622
4292
4332
1147
177
2108
2818
1405
3576
2799
4638
4694
3445
4489
1047
294
647
4163
3889
2666
4274
2088
1777
652
3913
2953
1819
3674
4127
393
3491
1726
319
2770
762
1950
2520
1014
3110
612
1467
2477
4540
808
679
4110
4572
257
3708
766
4415
4008
2723
270
4782
1533
1693
2011
585
4960
3413
271
4900
2428
743
208
629
4026
4765
622
1004
69
4561
1694
2073
3506
4153
3833
3754
4429
3634
3911
679
2828
4012
4744
3237
867
661
4938
3020
672
4772
2341
2502
2856
3755
4758
4088
1798
2433
2161
2403
2409
2366
1004
2720
3200
2624
4241
479
4020
810
1810
2422
4822
377
1101
4806
1356
297
2131
3058
4988
3338
1012
4733
2008
3440
3294
1272
3538
1574
4693
311
3039
4076
1625
4960
3142
2908
4533
1989
3664
9
982
3277
3547
4243
286
3334
2421
2164
1062
2796
1498
3742
3745
633
1567
2355
4864
2027
4766
3983
323
457
873
3194
1259
1562
2212
4304
831
4615
539
2081
3959
2287
499
2914
4808
3221
100
543
1217
2065
793
913
4395
1449
4865
930
2572
4452
3265
411
3437
3762
3396
1313
2880
3069
1255
3004
1843
312
3
4001
3446
2863
1616
2075
1536
4032
1815
4558
4282
331
4133
4394
3185
2584
544
677
2544
3671
3265
3813
4466
4120
271
4280
3522
3210
1017
4569
944
1832
1091
1653
3190
273
2550
2661
1797
1889
4895
1779
4688
3422
755
339
2926
556
3430
51
2752
2130
4008
1649
2722
4418
2924
1917
3099
1473
2272
4533
4678
4372
3767
2672
806
2666
2675
2373
1043
4965
437
478
2678
1339
2908
3066
696
3452
2570
398
4941
230
3273
2030
1398
1626
4692
1559
620
4522
2590
3747
4005
3870
3842
2400
4905
2520
3735
1968
3350
4575
3558
3652
4081
1106
410
2595
1157
1591
2282
337
741
3916
3330
2264
2527
2767
692
4058
3881
3219
182
143
4845
3099
4603
2869
3529
888
2944
1476
3136
4257
4891
4457
4206
2799
4350
2448
1055
1533
2582
3305
3142
2630
2105
4198
928
3125
1167
834
2414
2057
1688
3132
1978
1309
178
3960
4015
1931
1980
3331
2387
3490
4570
3321
470
4294
2910
341
738
4347
4252
4955
2791
3043
2265
3466
102
2725
1107
4080
4542
4630
4445
3121
109
2346
1991
263
593
4882
697
821
3831
1826
2037
2140
3248
2899
2865
1903
1732
2934
827
2866
977
1383
2134
1292
3054
3621
112
3616
2
8
10
18
19
23
25
32
37
44
50
53
55
57
67
70
73
77
82
91
101
108
117
125
134
134
144
152
162
162
165
169
179
184
184
192
193
195
201
207
210
213
213
213
223
228
235
237
241
244
245
251
258
266
266
273
278
278
282
283
285
285
290
295
302
303
307
309
311
321
328
337
343
351
352
353
356
359
368
371
376
386
386
391
397
402
405
413
416
422
429
432
434
444
446
456
461
466
472
473
478
485
490
496
503
503
510
512
513
519
525
529
536
542
545
553
556
562
572
579
589
598
602
611
618
623
625
626
636
639
649
649
652
660
664
672
676
683
685
685
688
697
703
710
710
714
724
732
741
741
742
751
759
766
774
775
778
778
782
787
794
797
807
808
815
822
827
830
836
837
846
853
853
856
866
867
869
877
886
894
904
913
920
929
935
938
947
956
957
959
967
970
975
975
985
989
994
1003
1012
1015
1021
1026
1032
1035
1036
1039
1048
1049
1049
1059
1059
1062
1069
1069
1079
1088
1088
1088
1090
1090
1100
1102
1108
1115
1115
1117
1120
1121
1128
1135
1135
1139
1139
1139
1140
1143
1147
1147
1155
1158
1162
1167
1171
1172
1180
1181
1187
1190
1196
1198
1201
1204
1207
1212
1212
1212
1213
1222
1232
1240
1246
1250
1254
1259
1266
1274
1283
1293
1300
1310
1317
1319
1327
1332
1340
1347
1356
1363
1369
1371
1378
1378
1379
1387
1393
1397
1399
1401
1403
1410
1411
1415
1419
1425
1428
1431
1438
1443
1443
1452
1453
1454
1459
1462
1462
1471
1480
1487
1497
1505
1515
1522
1529
1537
1540
1542
1547
1557
1564
1569
1577
1581
1586
1592
1592
1597
1597
1600
1609
1612
1618
1628
1635
1638
1648
1648
1649
1656
1658
1663
1672
1672
1682
1686
1696
1699
1709
1710
1718
1722
1732
1733
1740
1740
1750
1752
1752
1755
1757
1762
1765
1766
1776
1785
1792
1798
1798
1801
1802
1807
1813
1818
1823
1831
1833
1840
1846
1856
1865
1867
1870
1872
1882
1886
1894
1899
1906
1912
1917
1919
1928
1932
1936
1938
1945
1954
1958
1961
1962
1965
1966
1967
1973
1983
1987
1996
2002
2012
2016
2017
2025
2034
2038
2047
2047
2049
2058
2061
2069
2076
2086
2087
2097
2100
2107
2110
2117
2117
2124
2128
2136
2138
2140
2142
2146
2153
2155
2160
2169
2172
2180
2181
2187
2187
2187
2196
2206
2214
2221
2224
2225
2225
2233
2236
2242
2251
2258
2266
2274
2283
2284
2292
2298
2308
2310
2313
2318
2318
2327
2331
2336
2336
2345
2355
2356
2365
2366
2373
2380
2382
2384
2388
2391
2393
2396
2403
2403
2413
2415
2420
2426
2427
2437
2442
2447
2447
2451
2452
2460
2468
2476
2476
2476
2481
2482
2489
2495
2505
2515
2518
2518
2522
2524
2525
2531
2534
2536
2540
2550
2554
2554
2554
2559
2565
2574
2581
2587
2593
2595
2596
2596
2605
2614
2614
2617
2626
2635
2639
2648
2656
2661
2664
2672
2681
2691
2691
2699
2700
2701
2701
2710
2719
2729
2732
2742
2747
2751
2756
2762
2765
2770
2774
2780
2783
2791
2801
2806
2814
2817
2826
2832
2834
2836
2836
2842
2851
2856
2862
2871
2880
2882
2882
2892
2900
2910
2916
2918
2924
2931
2934
2938
2948
2949
2949
2953
2956
2960
2967
2975
2982
2985
2989
2992
2995
3004
3011
3021
3024
3027
3034
3038
3043
3043
3052
3054
3056
3064
3067
3071
3077
3087
3088
3090
3095
3095
3096
3097
3107
3116
3125
3133
3140
3141
3149
3154
3156
3165
3166
3173
3173
3174
3181
3189
3192
3198
3207
3216
3220
3222
3231
3232
3233
3233
3238
3243
3251
3261
3261
3268
3271
3274
3279
3284
3288
3296
3296
3306
3316
3325
3334
3344
3345
3347
3349
3356
3358
3366
3375
3380
3388
3394
3394
3402
3405
3406
3412
3413
3422
3428
3431
3432
3439
3448
3458
3464
3469
3477
3479
3487
3490
3494
3500
3509
3517
3517
3527
3537
3546
3556
3558
3568
3569
3569
3574
3575
3581
3582
3584
3588
3596
3602
3607
3612
3612
3614
3616
3617
3618
3620
3624
3634
3642
3652
3654
3660
3669
3670
3671
3676
3681
3690
3695
3702
3703
3711
3720
3727
3737
3739
3749
3759
3760
3762
3765
3774
3780
3781
3786
3794
3800
3801
3811
3812
3817
3824
3829
3839
3849
3856
3865
3874
3875
3877
3885
3885
3894
3897
3898
3903
3912
3916
3918
3926
3933
3939
3946
3954
3954
3957
3959
3960
3965
3967
3970
3977
3979
3981
3990
4000
4002
4008
4011
4021
4030
4032
4041
4045
4047
4053
4058
4067
4077
4081
4083
4085
4088
4091
4101
4102
4106
4116
4116
4125
4126
4136
4140
4146
4146
4154
4161
4167
4170
4173
4176
4185
4190
4194
4198
4207
4217
4227
4227
4230
4234
4242
4247
4248
4248
4257
4261
4262
4271
4276
4276
4285
4288
4295
4298
4306
4313
4317
4318
4320
4321
4321
4321
4326
4329
4337
4339
4345
4348
4349
4357
4367
4373
4379
4385
4386
4390
4393
4395
4402
4405
4410
4419
4426
4435
4440
4443
4452
4460
4464
4474
4480
4490
4491
4496
4499
4499
4504
4504
4509
4510
4514
4523
4525
4532
4539
4540
4542
4544
4545
4555
4555
4555
4557
4559
4566
4569
4569
4572
4572
4572
4578
4585
4588
4591
4601
4606
4616
4626
4636
4643
4647
4647
4656
4657
4663
4666
4666
4674
4676
4680
4688
4698
4698
4704
4714
4722
4723
4727
4733
4741
4747
4748
4749
4749
4758
4768
4777
4784
4785
4791
4794
4801
4803
4811
4811
4818
4826
4834
4844
4850
4853
4858
4868
4873
4881
4881
4891
4893
4898
4899
4904
4910
4916
4920
4928
4930
4939
4944
4950
4950
4955
4958
4968
4971
4971
4974
