# La primera línea indica la cantidad de minutos a considerar (n). Luego vienen n líneas que corresponden a los x_i, y luego los n valores que corresponden a la función f(.):
1000
4925
2042
281
224
2273
541
2664
4669
985
1036
1706
4237
945
285
2566
4142
4227
3299
3975
822
3303
2775
1528
228
615
1095
2649
3961
633
1641
3962
2405
3367
1956
4751
3358
3565
2319
4702
122
984
1940
4620
1863
2192
976
2861
755
2622
4226
3893
3475
701
201
823
325
1429
4326
3859
2054
2345
2865
1114
607
4605
3477
186
3993
3196
4755
2116
2978
3479
1790
1582
2397
1590
4831
1191
4846
1799
3973
2981
2066
2837
4132
2812
81
249
532
4752
3864
3076
4543
533
2598
283
3321
1814
259
4271
4597
2000
691
3732
2858
2095
4518
1084
2628
3573
1080
3093
1358
4747
3448
1101
3449
4625
225
1961
3221
4235
4816
2510
3706
2213
523
2444
687
756
1025
275
253
4043
2364
657
3137
2131
4960
654
3663
3539
4624
4306
1133
4909
122
4132
2883
306
1710
2436
1076
2357
2061
742
4440
1042
4610
2645
2616
742
2936
4530
4750
1283
519
4786
505
522
4485
540
4398
4828
2722
4427
2489
4240
84
4222
4865
4571
3943
1651
951
2150
1380
4068
1211
2457
4648
721
4145
2072
4357
797
2354
3049
3514
1932
2417
4773
950
4075
1924
25
2381
310
716
3136
4909
3026
3105
2879
4547
150
2800
3699
1804
4295
4291
1673
2438
3091
4544
2913
2465
2127
3339
1500
4142
4234
2657
2461
208
776
4790
831
2527
1069
568
1189
216
1946
3698
781
4644
2482
273
4775
257
3680
2154
637
3915
747
4075
1602
2474
1185
4324
4919
543
2232
1322
1676
477
3649
1479
368
3104
2122
1058
2466
4350
4804
4818
2568
1723
4171
2431
451
2828
955
4550
3556
1089
1872
1843
10
1149
792
2237
837
2286
474
2013
2818
915
4041
792
2195
2767
1892
1235
3365
2838
4556
3853
2708
2151
2467
3676
3951
4137
683
4766
2911
4954
4136
3948
2667
2574
732
2409
440
3602
727
2183
815
1545
4175
314
201
3385
673
2268
4215
4749
1045
1980
1853
17
1784
4330
1752
2716
4847
1210
1455
403
820
3763
492
2328
4413
2360
1314
3650
4957
3264
2182
787
147
35
3705
1563
2037
1722
4510
2933
3209
2291
949
2080
3696
2859
3065
132
2755
1893
1164
1493
2694
73
589
1070
2469
4905
3449
1005
368
4994
4481
3259
3575
608
3068
4594
509
3126
3747
1256
4442
1798
2847
1040
1818
2883
3976
3593
2397
4447
3057
1033
1500
185
1943
4771
4604
4555
2274
4934
4535
187
4437
3795
2772
1728
3956
1000
4126
4739
1978
1205
256
4818
2201
2364
1836
3257
3262
3626
2053
3257
3047
610
1610
4480
2466
2620
2129
802
2574
3470
914
2461
4235
669
3591
1436
3115
3145
2577
3268
2198
2804
403
1756
3266
1257
2783
2524
3465
1681
3578
2914
938
1909
4950
3776
2240
1992
849
4589
2805
4899
4426
740
4081
2560
4749
4711
617
4052
1965
4940
526
317
4881
3010
762
1647
4519
2240
1731
2866
4655
4608
1717
3150
1071
4227
3876
1849
3397
1501
2327
3843
1674
2544
22
1344
2958
4907
3769
1708
2870
1586
3742
4868
3443
2980
4005
3172
3241
2315
1946
2657
4374
142
1886
2534
3595
67
1958
539
645
3502
1282
4990
4503
978
3615
3663
2863
1387
318
4847
728
3582
1804
2443
3479
3121
45
4399
4187
3987
3638
32
3106
657
3679
811
1249
4541
828
281
1291
467
3798
373
1643
4105
2066
4334
4258
2680
2673
4132
4508
376
4250
3286
2165
2730
4908
4902
440
3810
172
4388
34
1866
173
4857
3943
148
3388
4687
323
4095
4782
155
1669
629
4716
3728
1229
323
1634
3601
844
1437
4135
674
977
2216
4697
4303
3957
4962
224
1394
2844
895
1888
2237
2387
1117
3931
1282
355
364
4235
1136
1092
779
3148
1223
106
3079
2902
1386
1753
3089
2648
4240
2785
107
1882
2550
3864
3268
4528
1099
3125
1193
2052
1698
4095
536
2268
201
2278
2577
4490
985
2635
3181
3539
1545
1634
3895
2577
1643
4166
4279
3563
3164
312
2462
212
2016
598
4875
2256
3791
3768
1236
902
910
3196
653
2912
3612
4877
2229
4074
4827
4013
1897
927
2707
4128
1337
1384
2369
1607
4615
2164
961
3332
4970
2447
1556
536
872
297
1395
550
1891
481
3761
1680
4170
2825
4588
3708
273
4372
3753
214
2415
3394
676
1154
3467
1616
3339
851
3604
3597
4718
3572
1768
2826
2300
1185
3769
1263
3449
1917
4289
1776
1745
267
3799
2766
1312
3628
4657
4141
4763
1178
2791
3675
3396
4878
3493
3173
2208
3625
1977
1870
3522
1783
4653
1597
4325
3334
3937
2813
1325
3005
3993
2981
969
1982
104
761
3980
4796
2392
408
382
4531
4720
1451
53
3174
3892
3840
2997
2472
982
2775
1281
787
2159
1503
1122
4195
129
1214
4214
2405
463
4751
3638
2193
4557
2449
715
75
4969
3081
1396
2397
3652
2092
2035
1187
437
4717
3978
1764
4476
1679
3851
2607
3603
3070
2255
3938
809
2782
4223
1871
175
1660
676
940
4999
410
1975
1349
917
3508
3615
3048
4312
2642
2530
1292
2551
3225
2426
4851
1246
770
4677
2456
204
414
1955
3690
4370
1494
2004
434
3699
4853
4473
1270
4860
386
1205
910
170
4588
3061
1928
2395
738
373
2869
3557
826
2199
1504
4843
2852
2299
783
3633
1166
3691
1579
4761
2649
2015
2410
2562
3202
348
3780
2276
2527
581
1631
1803
97
2770
134
958
2581
4329
797
1548
368
2969
4197
1474
3674
293
4958
661
2439
3883
3073
3929
2329
3555
2754
1990
3534
3486
2305
2780
4044
2032
2494
4394
93
2591
3280
3237
311
2904
3682
562
4050
2152
1854
4840
70
78
4442
968
2454
3683
2222
2006
3288
2531
3518
2027
1043
1860
4438
522
1097
3081
921
1976
4695
220
4
8
8
15
16
26
31
33
42
49
50
57
61
69
78
85
93
96
102
103
104
105
107
108
118
118
122
127
129
129
129
134
142
143
151
158
158
168
176
179
188
189
192
196
206
208
217
224
227
232
240
240
248
250
257
267
272
275
282
292
298
298
303
307
317
320
323
327
336
339
341
342
348
352
355
360
362
370
375
380
383
386
396
398
398
400
401
411
416
425
431
438
440
442
448
456
462
465
465
467
470
480
487
492
501
502
512
512
521
530
535
541
544
548
551
551
560
568
570
570
571
579
579
589
594
595
599
605
615
623
633
643
650
653
663
673
682
691
697
699
703
713
719
726
727
728
738
738
739
747
751
753
762
763
765
773
781
781
782
782
785
790
791
800
802
812
813
819
826
834
842
848
848
854
861
871
878
884
889
898
901
903
905
908
912
912
921
921
925
929
932
938
939
949
959
968
976
979
982
985
992
1001
1003
1012
1015
1017
1027
1029
1038
1045
1050
1059
1066
1068
1075
1078
1085
1095
1105
1113
1115
1125
1129
1131
1136
1139
1139
1145
1147
1148
1155
1160
1168
1178
1181
1189
1194
1195
1200
1205
1215
1216
1223
1231
1237
1242
1249
1254
1257
1267
1269
1271
1276
1280
1290
1298
1302
1304
1311
1311
1313
1321
1323
1330
1335
1342
1346
1353
1361
1370
1380
1384
1388
1392
1397
1402
1403
1413
1422
1426
1430
1431
1433
1441
1451
1452
1460
1470
1478
1485
1488
1497
1504
1511
1519
1523
1533
1542
1542
1544
1549
1553
1558
1563
1568
1571
1571
1574
1580
1584
1585
1585
1593
1600
1610
1610
1611
1619
1626
1633
1639
1646
1650
1653
1658
1668
1677
1683
1685
1688
1694
1701
1701
1706
1706
1713
1713
1717
1722
1724
1732
1738
1741
1748
1753
1762
1771
1777
1787
1790
1800
1810
1820
1822
1827
1836
1839
1840
1842
1850
1854
1860
1869
1870
1872
1876
1884
1890
1892
1896
1898
1907
1914
1917
1917
1926
1928
1933
1940
1947
1948
1952
1955
1960
1970
1977
1987
1991
1992
2002
2006
2012
2018
2023
2023
2024
2031
2036
2044
2047
2056
2057
2061
2064
2064
2074
2081
2082
2087
2095
2100
2102
2110
2112
2117
2126
2134
2143
2143
2149
2156
2156
2160
2168
2171
2172
2180
2189
2194
2198
2207
2213
2219
2219
2227
2232
2232
2236
2241
2245
2255
2258
2266
2267
2274
2275
2275
2275
2276
2286
2295
2303
2306
2310
2315
2316
2326
2336
2344
2352
2360
2360
2369
2373
2379
2389
2394
2395
2402
2411
2420
2427
2434
2435
2442
2447
2448
2455
2461
2461
2466
2467
2473
2476
2476
2478
2486
2486
2492
2501
2502
2508
2515
2524
2527
2530
2537
2546
2556
2561
2566
2571
2572
2580
2588
2598
2607
2610
2615
2620
2625
2628
2629
2634
2642
2647
2649
2649
2656
2666
2667
2677
2686
2690
2698
2701
2708
2712
2721
2726
2729
2730
2737
2739
2748
2757
2765
2773
2779
2779
2782
2789
2789
2792
2802
2807
2807
2808
2808
2818
2826
2828
2828
2832
2838
2848
2848
2857
2861
2870
2871
2874
2876
2881
2884
2894
2901
2907
2917
2925
2933
2940
2942
2951
2961
2967
2977
2987
2991
3000
3009
3011
3015
3018
3026
3036
3045
3048
3051
3058
3066
3068
3075
3085
3091
3093
3094
3100
3106
3106
3110
3118
3118
3125
3133
3133
3141
3145
3154
3158
3168
3174
3180
3185
3192
3194
3201
3204
3213
3213
3223
3233
3235
3244
3252
3253
3261
3268
3278
3284
3288
3297
3306
3311
3321
3321
3327
3333
3339
3344
3348
3352
3359
3359
3364
3367
3376
3384
3384
3393
3400
3405
3415
3416
3426
3426
3427
3432
3436
3439
3440
3443
3444
3454
3458
3461
3469
3475
3481
3491
3493
3503
3510
3515
3516
3521
3529
3535
3541
3545
3553
3556
3561
3571
3574
3574
3574
3576
3583
3585
3593
3596
3599
3607
3608
3617
3627
3634
3641
3648
3654
3655
3664
3674
3681
3687
3687
3693
3694
3694
3704
3705
3714
3719
3724
3732
3736
3745
3755
3759
3761
3765
3773
3781
3788
3788
3794
3797
3803
3808
3812
3822
3829
3833
3837
3837
3841
3846
3846
3856
3860
3860
3862
3862
3869
3871
3880
3881
3888
3890
3897
3897
3902
3905
3906
3913
3922
3931
3940
3950
3953
3961
3963
3973
3983
3988
3991
3991
3993
3998
4006
4016
4019
4023
4025
4026
4034
4041
4046
4048
4052
4060
4067
4075
4080
4086
4086
4093
4103
4104
4112
4115
4118
4125
4129
4137
4137
4145
4146
4154
4163
4163
4164
4170
4172
4180
4181
4189
4198
4201
4205
4215
4218
4221
4230
4234
4237
4244
4248
4251
4253
4255
4261
4263
4263
4263
4271
4277
4281
4287
4287
4289
4293
4298
4307
4312
4318
4320
4327
4329
4331
4338
4338
4348
4348
4348
4353
4363
4363
4369
4376
4376
4377
4386
4388
4389
4392
4395
4398
4403
4410
4411
4412
4418
4426
4436
4436
4446
4453
4462
4464
4473
4478
4480
4482
4490
4495
4502
4502
4504
4512
4521
4521
4525
4534
4536
4546
4556
4556
4559
4568
4578
4580
4582
4584
4591
4591
4597
4605
4609
4615
4622
4625
4632
4632
4634
4644
4651
4655
4656
4659
4659
4667
4677
4682
4684
4690
4697
4705
4705
4714
4718
4725
4729
4735
4739
4740
4742
4751
4754
4761
4761
4770
4780
4785
4794
4796
4805
4815
4825
4832
4839
4846
4847
4851
4860
4869
4874
4879
4881
4882
4882
4889
4896
4898
4904
4906
4915
4923
4931
4940
4948
4953
4956
4965
4975
4982
4991
4994
5003
5013
5022
5024
5033
5037
5040
5040
5047
5052
5055
5061
5068
5069
5078
5086
5090
5099
5106
5110
5115
5117
5119
5126
5126
5129
5136
5145
5152
5154
5156
