# La primera línea indica la cantidad de minutos a considerar (n). Luego vienen n líneas que corresponden a los x_i, y luego los n valores que corresponden a la función f(.):
10005193
5412
845
3634
3600
296
5593
5316
1340
9246
2708
5276
3296
5574
8925
675
5545
9353
3693
5048
1933
8114
1689
4929
1679
1934
3463
5258
3813
6929
2798
1988
2937
5176
7050
897
7102
9116
417
9327
2690
2052
3653
9903
9814
7927
9113
2378
9705
440
5585
6901
9003
2298
3175
393
1697
8676
94
3789
5539
2662
4831
1304
520
9267
4153
7513
4928
1001
2537
3847
3401
8756
6521
35
9374
3537
6924
730
1223
8864
5083
395
6842
3917
410
8145
6164
7882
5634
5456
3681
9312
8144
5981
8000
5817
6673
2036
5076
4795
341
4346
6348
5540
995
6343
181
1927
8319
9980
6256
2394
4881
1295
9936
6655
2840
3215
3116
2937
5428
7325
3699
1316
6050
6269
2328
8333
5812
5669
7475
311
9528
4466
6545
6805
8123
6040
1606
5234
9450
7228
7990
8069
7959
8397
4181
5161
3511
1319
747
836
8490
1812
1054
6785
6844
1278
6887
1969
9069
4227
138
2205
113
7274
3699
4896
6516
49
6191
6146
3340
3471
6328
4373
7075
3356
603
7203
200
3381
4723
2567
5699
2772
8411
3198
2642
6864
2264
1296
6821
1357
5159
1480
1607
8502
8605
8317
2197
827
5068
9710
5997
7318
6601
7668
8839
7991
1500
5280
4611
6617
4631
2411
4683
2713
3052
2215
3351
3311
2042
5396
3159
1867
8327
8569
713
8049
3974
9393
6992
9267
1025
8003
4296
3886
6175
1514
7681
2403
7346
7135
8320
4794
6111
3414
274
9145
7632
4084
2027
3086
5932
833
7205
9183
331
16
4380
1547
4918
853
4133
4681
2731
2156
6126
343
958
9540
1510
3545
6046
6488
6955
7912
8504
692
4199
3931
2595
5768
7263
2015
8201
6082
4179
9705
2980
4836
325
6052
565
2016
3978
8466
2283
709
1037
4206
5347
6495
6535
4834
7659
7655
6680
5445
2422
3427
7728
3257
4682
2034
125
4533
9628
4592
4123
4345
1474
3547
6625
7684
4470
167
7867
5650
6165
512
7257
6264
7298
4517
150
8237
5358
4612
1195
2053
1334
6710
421
1636
8216
8624
3211
8280
4252
8065
4792
6117
6746
6623
7407
8158
7691
452
7033
5651
5283
7355
3801
3236
9543
2282
9243
8680
6325
719
1046
9255
1862
65
629
8280
6134
6313
5419
2239
1531
8009
8158
3522
2867
1033
4096
8723
9849
7471
4911
4380
2438
3222
7801
1053
3682
9457
739
6670
6834
5054
595
5061
3953
7544
3554
6480
7166
7757
8438
5154
1822
36
951
5185
4970
4870
1070
8122
9171
1738
5169
1170
3931
6192
4258
898
4927
8206
4655
4854
4791
5731
4994
8723
2129
3444
181
116
108
1175
7431
1908
3205
7256
5459
4868
6329
2213
6728
4321
7087
6781
964
8529
6734
6649
8622
7806
943
7343
715
9664
1959
6950
7080
7362
8167
6947
9085
863
2199
7676
7728
2141
4653
2821
2131
28
5069
6570
9925
2232
3458
4673
4453
4182
6028
6307
7046
6634
6818
2581
9607
2298
4956
4554
8368
5519
8413
1203
845
8168
3464
6153
4309
4075
775
9763
2520
1231
7418
1736
8922
977
7417
2872
5240
1024
9169
3744
3356
9750
4023
9596
3257
9739
2113
6575
3665
1772
6602
4656
2738
625
4676
2020
3150
2983
2847
697
500
165
7353
5042
5102
3133
5940
481
7026
2864
4572
380
6004
3246
8908
1116
3270
7865
7190
9595
3255
7790
7686
8983
1763
931
6320
3176
3724
4588
1791
2622
2373
9202
8307
774
7283
692
1459
4848
5081
5397
2705
1193
6487
5436
7337
118
9452
9011
8553
8851
8914
7377
4821
8804
6382
558
4877
5189
5264
8176
4643
2354
59
9845
6257
5281
2772
707
3140
2437
7558
8468
4687
389
708
5922
2067
6807
2081
4188
2908
4363
3885
8245
3054
1895
2525
3668
954
3613
1347
6990
4425
2799
1651
3320
4028
5691
9381
4201
1698
1711
7569
4460
4951
2714
8465
6712
2722
6267
1598
2957
7795
287
3452
3578
8256
3266
9525
4813
6416
5053
3921
7991
115
2009
3590
6874
4811
3936
2429
531
4013
470
7989
5121
8132
7955
5394
8310
4474
2968
6048
2503
9179
5632
2613
2737
7379
1750
8735
8921
6076
4479
9347
6140
3611
2430
3108
6788
7831
1597
3345
8147
9569
3994
2987
4164
2657
8393
6943
312
354
3315
7212
4794
2162
3210
6075
304
3557
7144
7798
4206
3763
143
5099
9823
7922
5617
8607
3316
8727
6602
5934
2579
2065
8317
7430
3210
9702
8730
7737
5843
1687
4421
746
5500
2180
1864
9950
7201
7264
704
2693
9683
7716
3175
3192
8186
2851
5540
4354
7554
4143
8201
7118
3899
4737
7530
1045
4258
2791
9626
7201
2061
4767
8801
978
984
6879
5745
2451
9244
8848
8600
847
7569
1736
59
9472
2076
4959
5463
4035
6627
7546
8029
5154
1146
2659
6600
5801
1082
3454
9376
5874
5273
8740
556
5264
7515
2306
4252
554
8316
8316
1539
6761
4309
3246
5423
982
5002
3532
3670
4037
8471
6745
5732
1521
8158
1151
6683
6397
2457
4797
3781
9252
6822
7224
4882
4577
5840
1484
7048
8558
6873
4931
3273
6252
8092
182
4969
8758
7774
7178
4175
1212
7268
5370
9011
6200
6563
9683
9423
7558
9546
6377
982
4703
2785
8505
3484
3822
8320
2692
3118
89
9906
281
5024
3292
6339
2177
1646
5981
2608
5621
5761
5796
8777
9457
1316
6793
6127
7208
8335
2872
6183
1133
1211
4548
2651
2796
9621
2492
8175
1526
7038
7335
8733
3883
3615
3496
1614
6859
8113
3295
2533
5037
5095
8915
7584
1698
9694
696
5485
3815
70
3038
7252
8051
6569
8180
4190
804
234
4454
6928
5587
1025
3354
7998
8915
9230
4464
8216
9111
2404
185
1658
6281
420
4713
1760
7507
578
6514
7830
9395
8515
4682
2428
9428
5313
7137
460
1324
647
9074
779
432
2321
2046
6458
688
7232
4065
4637
3529
4844
307
3503
9234
5610
5038
8156
675
7212
6408
4036
162
254
437
606
762
906
1053
1284
1493
1535
1661
1783
2003
2134
2254
2282
2318
2511
2627
2851
2947
3100
3288
3360
3545
3743
3902
3957
4180
4208
4398
4628
4712
4828
4918
5027
5199
5211
5405
5461
5513
5684
5827
5906
5996
6119
6245
6408
6411
6489
6551
6714
6734
6862
6899
7021
7025
7156
7259
7427
7615
7711
7906
8005
8200
8340
8571
8624
8771
8947
8970
9195
9345
9495
9577
9731
9741
9805
10028
10054
10238
10367
10451
10549
10564
10715
10732
10877
11050
11094
11204
11369
11393
11599
11671
11697
11735
11749
11853
12033
12072
12292
12423
12631
12819
12853
13035
13120
13145
13199
13412
13423
13484
13667
13787
13954
14061
14226
14247
14446
14521
14740
14802
14880
14928
14977
15107
15223
15276
15374
15469
15640
15761
15786
15835
15934
16142
16229
16373
16567
16666
16684
16898
17097
17207
17270
17335
17442
17558
17699
17769
17905
18012
18163
18261
18384
18562
18784
18870
19016
19163
19388
19434
19452
19510
19736
19776
19863
20028
20104
20129
20244
20468
20616
20716
20853
21039
21205
21352
21546
21561
21592
21761
21817
21827
22039
22151
22321
22391
22495
22499
22660
22852
22994
23201
23219
23311
23411
23496
23551
23612
23630
23834
23961
24085
24096
24116
24154
24247
24304
24315
24527
24530
24549
24632
24747
24859
24880
25104
25215
25216
25222
25377
25389
25558
25616
25634
25698
25840
26033
26118
26182
26283
26442
26564
26618
26846
26864
27077
27141
27167
27255
27479
27703
27898
27902
28032
28098
28222
28326
28464
28615
28670
28828
29005
29178
29197
29259
29416
29439
29542
29697
29894
30075
30106
30198
30303
30305
30471
30600
30690
30920
31000
31158
31303
31427
31459
31586
31671
31798
31858
31975
32157
32236
32415
32571
32611
32614
32647
32867
33021
33024
33165
33204
33271
33363
33401
33512
33525
33594
33761
33841
33962
34013
34082
34308
34468
34510
34575
34783
34999
35152
35236
35289
35379
35382
35529
35752
35849
36026
36111
36200
36355
36384
36554
36638
36695
36873
37014
37186
37361
37374
37414
37536
37735
37933
37973
38071
38269
38311
38443
38468
38599
38720
38892
39116
39293
39352
39517
39595
39696
39898
39997
40180
40236
40324
40360
40394
40417
40574
40726
40921
40980
41163
41297
41436
41597
41630
41849
42022
42188
42270
42302
42499
42603
42765
42985
43136
43207
43433
43500
43721
43773
43890
44097
44212
44349
44387
44569
44727
44845
44915
45077
45150
45170
45187
45325
45421
45511
45606
45833
46031
46151
46266
46356
46581
46708
46776
46874
47062
47162
47206
47418
47563
47618
47842
47963
48048
48232
48277
48393
48477
48551
48602
48670
48718
48928
49064
49144
49218
49240
49419
49497
49500
49600
49660
49686
49711
49734
49827
49843
49860
49916
49927
50104
50304
50432
50447
50643
50800
50889
51015
51125
51354
51497
51667
51741
51885
51922
51992
52006
52143
52176
52285
52513
52532
52701
52849
52918
53003
53182
53245
53266
53336
53488
53698
53915
54041
54225
54431
54607
54760
54846
55051
55243
55410
55638
55731
55747
55892
55970
56025
56067
56179
56187
56379
56590
56597
56698
56733
56932
57086
57151
57314
57542
57634
57697
57701
57823
58015
58073
58159
58259
58322
58545
58582
58624
58834
58953
58958
58988
59049
59238
59267
59272
59370
59521
59585
59651
59845
59885
60024
60050
60082
60213
60302
60496
60726
60945
61007
61178
61350
61476
61548
61635
61777
61796
61891
62063
62155
62298
62472
62683
62856
63036
63066
63196
63421
63606
63654
63673
63799
63884
63906
64132
64279
64394
64456
64464
64466
64496
64601
64712
64795
64798
64841
64939
65072
65206
65239
65315
65438
65459
65564
65591
65612
65799
65907
66030
66113
66208
66404
66528
66727
66808
66842
66914
66958
67187
67321
67456
67608
67799
67833
67872
68073
68186
68190
68242
68382
68613
68808
68932
69032
69079
69131
69242
69350
69572
69782
69830
69871
70082
70273
70453
70533
70648
70860
70950
71095
71289
71371
71415
71601
71760
71794
71911
71939
72126
72164
72232
72388
72576
72717
72910
73028
73047
73118
73225
73392
73578
73671
73898
74072
74116
74205
74281
74495
74544
74569
74718
74834
75046
75090
75269
75429
75575
75618
75786
75920
76151
76205
76244
76285
76445
76530
76582
76589
76805
76920
77109
77332
77563
77700
77901
77993
77997
78210
78409
78416
78525
78560
78574
78716
78725
78776
78898
78909
79029
79044
79097
79153
79355
79565
79650
79655
79806
79850
80067
80297
80518
80652
80811
80999
81066
81295
81425
81534
81588
81795
81919
82080
82199
82427
82553
82778
82945
83103
83126
83179
83390
83468
83607
83786
83854
83943
84081
84186
84340
84409
84568
84791
84808
84977
85112
85279
85444
85631
85679
85809
85852
86066
86122
86227
86456
86550
86728
86757
86821
86971
87177
87334
87335
87362
87546
87734
87797
87854
88026
88250
88281
88324
88496
88597
88756
88811
88928
89038
89262
89408
89610
89700
89766
89835
89968
89998
90069
90156
90291
90454
90652
90849
91039
91042
91116
91317
91545
91776
91884
91987
92051
92185
92365
92585
92798
93004
93075
93217
93236
93239
93253
93466
93554
93723
93834
93929
94004
94072
94181
94324
94405
94597
94813
94814
94989
95211
95442
95633
95720
95805
95950
96156
96276
96441
96451
96655
96663
96777
96917
97092
97138
97294
97456
97616
97719
97794
97805
97883
97965
98180
98401
98552
98623
98796
98870
98907
99066
99258
99340
99520
99552
99700
99912
100045
100171
100330
100441
100476
100701
100710
100910
101050
101113
101186
101234
101263
101347
101384
101463
101645
101745
101826
102000
102133
102192
102232
102427
102587
102760
102883
103100
103190
103377
103529
103678
103748
103804
103876
103970
104115
104253
104292
104342
104505
104600
104620
104838
105059
105062
105205
105213
105254
105425
105544
105550
105740
105776
105782
105965
106081
106180
106398
106440
106559
106747
106777
106884
106944
107130
107356
107405
107554
107697
107755
107761
107946
107984
108191
108282
108394
108553
108711
108738
108904
108959
109100
109158
109321
109362
109543
109681
109894
110037
110215
110384
110547
110646
110731
110743
110899
111127
111149
111362
111572
111716
111846
111975
112033
112094
112184
112193
112231
112286
112314
112339
112382
112383
112570
112640
112810
112992
113125
113240
113273
113328
113501
113648
113798
113850
114041
114214
114347
114538
114658
114863
115084
115227
115320
115453
115532
