# La primera línea indica la cantidad de minutos a considerar (n). Luego vienen n líneas que corresponden a los x_i, y luego los n valores que corresponden a la función f(.):
10006510
8493
131
5995
1839
9620
5172
8692
3811
3901
1367
8292
1476
1108
4171
9675
7049
2720
8748
7629
9822
7123
4489
4045
4751
3449
1265
7395
1190
5042
6042
1027
6238
1496
487
9089
8619
6003
9900
5995
6697
8704
769
8540
6167
2693
1628
3220
3333
6651
6214
8855
2433
8681
1145
7351
7115
7001
7663
345
337
5824
23
2202
3906
5626
1690
9901
1501
1213
1244
9452
8341
4095
9106
2284
7769
2627
6175
5691
8638
3836
2532
4654
9110
9219
2795
3545
994
2406
7270
9026
1440
8500
3025
8452
1510
7802
6621
7462
2181
7047
8798
6896
6050
968
88
7434
7270
2842
1808
1762
316
8445
42
5713
6672
2336
3536
1069
6899
792
9266
420
4100
2001
3955
8300
638
6655
2952
4052
6555
1430
4456
6995
7382
6174
7532
5294
4536
1087
8099
3210
5041
9573
5754
3145
4843
2997
2339
9141
3903
6507
7864
51
7724
2248
8250
2792
4324
2484
1848
3311
2106
6016
374
9620
5894
3888
1628
3486
8031
9615
547
5030
796
8357
2392
7757
3795
7467
3882
8798
8042
6490
3444
6097
8214
7965
9209
8087
9619
11
259
2719
5278
3188
8039
2169
5987
677
9784
3403
7465
9218
8212
2279
3710
3931
7521
2833
3212
7786
4549
9252
3430
1442
2468
2436
2613
9081
2793
5406
8810
1646
7905
730
1961
94
9377
9512
3107
2065
8424
4178
2150
1028
519
4975
9921
9177
4109
7000
7898
2916
6016
3899
5106
3675
5153
9290
5718
5739
8818
4423
3794
951
8254
9970
2600
7985
9477
7556
2881
7276
7562
5459
2175
2505
7299
9993
1383
2662
4303
9889
9799
3655
6759
4163
2879
3486
4481
6978
8353
526
1785
8542
6394
8015
5174
5741
583
2356
6501
3186
433
7496
7224
9673
6071
7037
6215
5988
640
7052
7341
8980
3330
5229
6764
1116
2535
5178
7688
7602
2699
2076
6593
1949
1778
4829
4393
6151
6483
8668
3373
6918
3434
7996
6959
4623
6226
8787
8185
6880
647
4765
8534
3453
837
2737
1190
1045
9881
8840
809
7327
9106
2431
8227
2786
798
6945
2486
8943
6015
1379
2382
7644
7471
3577
7832
7045
1614
6370
512
7516
7867
3072
5918
2799
22
5998
8872
1812
4527
1834
7180
2732
2875
6187
4563
1032
346
3844
7071
8202
8028
4682
9989
7439
3494
6587
2773
2576
8046
2148
8028
2820
7453
1949
8340
748
2268
7161
758
2417
6646
3258
4145
5206
911
5848
5827
5989
4890
1068
2552
3632
1148
7366
2633
3590
2463
9449
6544
4872
1906
9194
3385
4600
2381
1663
3514
7099
6817
4297
75
7589
4666
3474
5540
4806
3201
4075
8045
4481
9057
7650
8726
5710
9745
1678
7000
7640
7141
9655
7708
7350
3186
7868
6437
6012
9719
6673
6371
7744
7047
9941
1065
5182
9311
812
4912
3657
5049
7755
8333
1003
7699
937
5200
562
3015
7679
148
9924
1351
1594
4448
8275
3679
2873
6006
8309
8496
7079
5900
1122
6439
4740
8015
9543
175
9437
3273
6574
8970
6887
6988
705
3953
6964
2167
6031
268
8881
9334
2889
2403
8820
8989
8063
1333
746
9974
5004
4666
962
8429
4394
3196
8637
2085
2904
4771
89
4597
6199
7691
4080
146
2672
1997
198
255
1254
1330
6623
4940
4359
1081
8454
6857
5513
6174
9820
9985
4022
5485
7655
7429
1225
6920
2436
5132
8283
409
5521
4507
8125
3900
6492
2178
521
4172
1873
8547
7964
8095
6467
1273
6819
9067
3390
6539
8168
5405
4921
2452
2874
7127
1510
87
7157
1018
6599
8351
5879
4736
7579
6363
5655
4083
209
7062
3017
3574
3023
753
9364
8746
8769
6957
7366
9088
519
5900
2526
593
1539
7249
2880
2279
5823
730
559
4706
1490
183
2940
6353
7023
945
5860
7725
8626
1028
1923
934
9946
3388
4785
5259
4910
3777
9569
4982
4077
6372
5074
7490
6634
6254
985
2374
9659
5435
5097
5594
9765
9455
8688
135
4069
1701
5928
2911
6230
2543
3121
886
6832
2099
5500
5360
496
3198
3009
8669
1612
3355
6834
8153
6259
1028
2957
3747
8423
6297
6733
8673
6754
6423
5469
6928
9716
9976
6698
7427
5290
2661
8594
4799
4145
879
8155
5387
6658
9692
4043
2875
2272
2003
711
886
217
3125
3187
6037
652
6069
3557
1695
1081
7977
7166
4730
5456
6212
1183
2485
1085
1336
4926
3608
3447
1177
7772
9902
5512
1873
1795
7029
3203
1727
5101
267
9181
9599
4316
34
8391
6826
1493
3770
3868
2234
7312
4613
802
564
998
9055
7788
4056
5659
2340
4287
9597
2600
334
2950
9992
3895
9161
7902
4117
6792
832
6538
7602
7901
5615
127
1875
9792
2621
7507
6373
1412
5358
1512
9867
4062
4181
136
8969
6048
874
8697
8955
4658
7191
2494
1794
7422
712
3003
3637
3380
619
3718
1519
8898
1326
8680
7652
4286
8730
64
4159
4040
342
2432
7915
4103
1041
2714
2437
5637
4223
9077
1636
4865
3202
4927
8642
7311
328
4567
7230
9843
6058
4610
8151
7153
4738
5948
5173
5663
769
2782
1370
4765
4736
8160
6066
9119
1301
1485
1335
7729
9304
5457
8249
8784
5230
5850
9743
7457
95
7011
4251
7041
1789
4171
5823
9951
8877
5262
5401
8974
5100
4686
2081
547
4058
7498
5391
9434
780
8842
2944
3591
2157
5233
3426
6756
5624
34
3185
6684
4484
6952
7269
8993
6250
8145
1672
2136
2512
6831
6455
223
2713
4363
1360
5038
673
3648
9581
6436
2081
7725
385
5148
7701
7991
1658
2653
9286
4976
5214
2324
4843
491
968
1901
7094
3482
6359
5469
7893
7674
4217
4688
544
7821
7703
8333
9296
3547
4396
8680
3991
8174
8659
2680
4596
7407
3292
2884
9481
6145
4748
391
2785
2313
923
5656
1796
9803
4556
4856
9052
9385
5428
3035
4252
9899
7559
3500
3828
4283
9710
2435
4391
3488
4496
5132
3690
4070
3453
1220
7703
2841
5833
8445
20
88
232
324
418
492
594
665
801
947
1019
1055
1233
1422
1430
1644
1709
1782
1857
2027
2245
2449
2589
2804
2952
3039
3252
3408
3512
3598
3700
3813
3827
3841
3917
3956
4094
4235
4381
4561
4763
4848
4876
5069
5219
5304
5422
5632
5859
5948
5988
6169
6236
6336
6431
6643
6739
6795
6974
7066
7279
7454
7592
7747
7969
8095
8152
8217
8356
8527
8708
8778
8795
8940
8943
9139
9178
9215
9318
9440
9521
9596
9814
9975
10007
10052
10219
10350
10487
10583
10760
10780
10844
11040
11043
11253
11277
11496
11500
11520
11701
11741
11782
11870
12004
12014
12134
12332
12400
12626
12794
13017
13062
13213
13380
13559
13580
13797
14026
14134
14297
14489
14687
14809
14891
15046
15144
15247
15282
15512
15698
15810
15814
15955
16003
16175
16313
16510
16562
16743
16750
16885
16981
17071
17079
17121
17172
17210
17291
17394
17557
17622
17838
17905
17992
18123
18170
18246
18272
18316
18511
18576
18753
18780
18864
18986
19158
19204
19276
19437
19561
19623
19649
19733
19830
19945
20086
20290
20416
20635
20732
20950
21105
21267
21369
21444
21445
21536
21709
21923
21959
22079
22250
22279
22460
22672
22847
22945
22991
23176
23185
23337
23534
23698
23895
24062
24115
24209
24247
24295
24493
24585
24768
24778
24975
25056
25235
25319
25386
25402
25562
25728
25813
25906
26089
26245
26294
26426
26464
26668
26732
26950
27040
27170
27216
27230
27339
27439
27618
27682
27827
27895
28016
28138
28178
28348
28460
28558
28738
28788
28849
28920
29068
29279
29370
29502
29659
29802
29978
29998
30203
30393
30418
30530
30725
30886
31008
31130
31315
31505
31558
31687
31749
31862
31892
32112
32211
32236
32434
32570
32779
32961
33145
33364
33430
33543
33567
33758
33892
34084
34098
34261
34274
34346
34561
34764
34807
34942
35006
35111
35268
35425
35655
35867
35921
36078
36258
36300
36412
36514
36725
36878
36958
37176
37306
37518
37611
37769
37819
37990
38118
38265
38292
38513
38666
38774
38980
39011
39073
39250
39323
39412
39561
39730
39833
39906
39995
40082
40266
40383
40415
40440
40631
40737
40913
40947
41043
41183
41266
41416
41439
41499
41555
41556
41592
41794
41953
42156
42360
42488
42646
42759
42789
42978
43154
43333
43384
43562
43638
43851
43988
44001
44224
44363
44554
44599
44730
44824
44890
45101
45268
45409
45411
45431
45471
45615
45703
45909
45986
46060
46261
46318
46372
46490
46676
46864
47030
47044
47240
47293
47390
47514
47629
47759
47762
47881
47975
48004
48220
48389
48509
48588
48790
48795
48946
49116
49135
49353
49510
49523
49742
49875
50066
50208
50315
50537
50709
50804
50974
51038
51072
51154
51215
51446
51474
51650
51705
51924
52016
52111
52218
52254
52300
52467
52679
52853
52995
53203
53284
53443
53488
53576
53666
53797
53843
53991
54041
54135
54159
54291
54510
54658
54871
55081
55246
55318
55471
55613
55671
55886
56032
56073
56088
56168
56195
56241
56452
56549
56734
56932
56951
56971
57197
57278
57469
57597
57602
57759
57810
57939
57962
58190
58266
58367
58462
58573
58594
58631
58641
58834
58837
59055
59222
59242
59468
59648
59861
60005
60201
60269
60342
60468
60622
60682
60754
60866
60873
60998
61227
61351
61466
61545
61684
61885
62056
62120
62132
62314
62340
62517
62546
62729
62779
62972
63024
63047
63208
63415
63511
63583
63791
63917
64100
64239
64443
64663
64715
64803
65007
65183
65230
65237
65318
65366
65425
65445
65561
65785
65847
65863
66008
66089
66203
66360
66505
66543
66769
66960
67112
67199
67236
67369
67455
67577
67627
67792
67930
68116
68315
68396
68436
68647
68727
68838
69007
69173
69188
69228
69430
69562
69706
69916
69942
70012
70150
70320
70391
70403
70553
70649
70778
70795
70984
71081
71250
71343
71366
71479
71523
71661
71892
72104
72283
72423
72578
72585
72671
72785
72844
73001
73029
73111
73245
73407
73609
73635
73714
73838
73868
73900
74040
74243
74309
74366
74564
74731
74881
74911
75135
75301
75461
75524
75711
75755
75970
76185
76328
76436
76590
76694
76859
76953
76992
77016
77233
77397
77521
77726
77945
78164
78249
78257
78340
78361
78505
78727
78784
78984
79018
79212
79439
79551
79713
79914
79928
80114
80222
80260
80286
80367
80533
80542
80576
80668
80804
80902
80996
81133
81327
81373
81495
81678
81762
81868
81902
82041
82236
82435
82617
82698
82919
83021
83073
83086
83122
83143
83286
83313
83531
83599
83699
83750
83903
84085
84211
84394
84550
84613
84795
84950
85179
85299
85451
85657
85676
85696
85813
85867
86087
86151
86215
86316
86359
86547
86777
86904
86990
87169
87327
87378
87524
87657
87675
87701
87879
88097
88321
88433
88572
88620
88696
88910
89078
89185
89346
89530
89541
89618
89711
89886
89927
89941
89985
90007
90038
90187
90373
90496
90573
90736
90760
90821
90860
90925
90985
91004
91210
91299
91432
91642
91704
91724
91834
91977
92133
92186
92239
92297
92423
92647
92783
92898
93037
93067
93198
93308
93327
93502
93523
93538
93591
93782
93801
93932
94017
94200
94373
94383
94581
94785
94810
94829
95019
95219
95343
95358
95379
95392
95579
95795
95849
96044
96110
96122
96276
96435
96620
96731
96754
96793
96804
96850
96905
96937
97017
97050
97098
97143
97293
97482
97534
97613
97814
97917
98049
98116
98265
98436
98517
98672
98757
98782
98785
98883
98913
99036
99154
99197
99234
99266
99282
99490
99628
99669
99686
99710
99762
99779
99987
99992
100003
100124
100195
100250
100406
100484
100677
100859
100888
101057
101229
101312
101468
101518
101689
101850
101959
102085
102108
102298
102519
102605
102631
102638
102847
102908
102996
103179
103195
103346
103454
103499
103610
103642
103716
103808
103958
104182
104372
104572
104670
104690
104799
104829
104873
105103
105217
105321
105470
105599
105721
105761
105948
106085
106201
106293
106486
106524
106645
106736
106746
106960
107093
107284
107349
107383
107386
107404
107480
107617
107660
107740
107869
107985
108130
108332
108489
108520
108696
108744
108839
108981
109186
109261
109411
109526
109551
109760
109968
110098
110107
110172
110178
110189
110413
110626
110828
110895
111029
111102
111333
111439
111591
111627
111763
111807
112009
112015
112200
112261
112462
112652
112710
112876
113092
113235
113290
113356
113448
113586
113638
113784
113847
113868
113934
114132
114231
114376
114551
114673
